No.	NAME	G(N..N)	G(N..S)	G(O..I)	G(F..F)
1	2-6	6.42018747329712	0	0	0
2	2-6	6.41510009765625	0	0	0
3	2-11	6.54321908950806	0	0	0
4	2-6	5.88082456588745	0	0	0
5	2-6	6.4683985710144	0	0	0
6	2-6	6.54441118240356	0	0	0
7	2-11	6.53932952880859	0	0	0
8	2-99	0	0	0	0
9	2-6	7.20171785354614	0	0	0
10	2-6	5.8584771156311	0	0	0
11	2-6	6.44619607925415	0	0	0
12	2-6	5.91578531265259	0	0	0
13	4-2	6.60145711898804	0	0	0
14	4-36	41.5704574584961	0	0	137.959274291992
15	4-6	0	0	0	0
16	4-3a	0	0	0	0
17	2-6	7.26424503326416	0	0	0
18	4-11	0	0	0	0
19	2-6	6.45353555679321	0	0	0
20	4-36	41.5323333740234	0	0	141.522445678711
21	4-36	40.048583984375	0	0	130.556350708008
22	4-11	0	0	0	0
23	4-36	39.3988761901855	0	0	127.425415039063
24	4-6	0	0	0	0
25	4-3	0	0	0	0
26	2-9	0	0	0	0
27	4-28a	32.317455291748	0	0	0
28	4-28a	32.0064277648926	0	0	0
29	2-9	0	0	0	0
30	4-3	0	0	0	0
31	2-11	6.56362819671631	0	0	0
32	2-6	5.68046617507935	0	0	0
33	4-36	40.4597244262695	0	0	119.861824035645
34	4-36	41.8735198974609	0	0	141.366897583008
35	4-36	36.9817199707031	0	0	122.412704467773
36	4-36	42.9889297485352	0	0	134.614501953125
37	3-33	0	0	0	0
38	4-53	25.4903450012207	0	0	0
39	4-43	73.9011764526367	0	0	0
40	2-4	5.63800382614136	0	0	0
41	4-53	25.6061172485352	0	0	0
42	4-28a	33.1989898681641	0	0	0
43	2-8	7.31712961196899	12.1586542129517	0	0
44	4-3a	0	0	0	0
45	4-37	0	0	0	0
46	4-37	0	0	0	0
47	2-6	5.87427186965942	0	0	0
48	2-15	0	0	0	0
49	4-44	13.8035125732422	0	0	0
50	4-36	41.2418060302734	0	0	136.426422119141
51	4-53	25.6735534667969	0	0	0
52	2-11	6.49423933029175	0	0	0
53	4-35	0	0	0	0
54	4-53	26.8229713439941	0	0	0
55	4-53	25.6031818389893	0	0	0
56	4-60	5.25669860839844	0	0	0
57	2-99	0	0	0	0
58	2-11	6.4656229019165	0	0	0
59	2-4	5.78826189041138	0	0	0
60	4-11	0	0	0	0
61	4-54	2.94396138191223	0	0	0
62	2-15	0	0	0	0
63	4-48	62.1905326843262	0	0	0
64	4-35	0	0	0	0
65	2-26	6.27573013305664	0	0	0
66	4-60	5.30381345748901	0	0	0
67	4-11	0	0	0	0
68	4-28a	31.6566200256348	0	0	0
69	3-33	0	0	0	0
70	2-99	0	0	0	0
71	4-53	25.7830028533936	0	0	0
72	4-37	0	0	0	0
73	2-8	10.7995500564575	13.3279314041138	0	0
74	3-33	0	0	0	0
75	2-17	0	0	0	0
76	3-33	0	0	0	0
77	4-11	0	0	0	0
78	4-15	0	0	0	0
79	4-36	38.1354103088379	0	0	126.903923034668
80	4-2	6.59884071350098	0	0	0
81	2-99	0	0	0	0
82	2-8	8.25021362304688	12.8824939727783	0	0
83	4-11	0	0	0	0
84	4-30	0	0	0	0
85	4-11	0	0	0	0
86	Ciprofloxacin	15.2529191970825	0	0	0
87	4-3	0	0	0	0
88	2-2	0	6.73372650146484	0	0
89	2-8	10.9418449401855	13.0046081542969	0	0
90	4-54	2.93725252151489	0	0	0
91	4-53	26.2775497436523	0	0	0
92	3-33	0	0	0	0
93	2-41	16.0187187194824	0	0	0
94	4-4	0	0	0	0
95	2-8	12.0804347991943	12.5643711090088	0	0
96	4-43	73.5693359375	0	0	0
97	4-36	39.7331199645996	0	0	125.644599914551
98	2-53	0	0	0	0
99	2-3	0	0	0	0
100	2-26	6.68290233612061	0	0	0
101	4-43	69.6835327148438	0	0	0
102	4-11	0	0	0	0
103	3-39	0	7.39599514007568	0	0
104	4-36	42.1732025146484	0	0	146.139450073242
105	2-15	0	0	0	0
106	3-33	0	0	0	0
107	4-4	0	0	0	0
108	4-53	27.0874862670898	0	0	0
109	2-8	12.1596641540527	12.827431678772	0	0
110	4-15	0	0	0	0
111	4-54	3.75076746940613	0	0	0
112	2-11	6.50364542007446	0	0	0
113	4-28a	30.8805274963379	0	0	0
114	4-54	2.86798477172852	0	0	0
115	4-15	0	0	0	0
116	3-38	0	7.21200180053711	0	0
117	4-28a	29.6427516937256	0	0	0
118	3-9	0	0	0	0
119	4-48	62.6795845031738	0	0	0
120	2-34	5.79466581344604	0	0	0
121	2-3	0	0	0	0
122	2-20	0	7.33059883117676	0	0
123	2-9	0	0	0	0
124	4-18	0	0	0	0
125	2-11	6.51616477966309	0	0	0
126	2-11	6.56743478775024	0	0	0
127	2-5	0	0	0	0
128	4-9	0	0	0	0
129	4-43	71.6974334716797	0	0	0
130	2-15	0	0	0	0
131	4-4	0	0	0	0
132	3-33	0	0	0	0
133	4-53	25.967960357666	0	0	0
134	3-33	0	0	0	0
135	4-15	0	0	0	0
136	4-11	0	0	0	0
137	2-6	5.90687799453735	0	0	0
138	2-9	0	0	0	0
139	3-33	0	0	0	0
140	4-28a	31.5229454040527	0	0	0
141	2-7	19.8025417327881	15.7395648956299	0	0
142	2-11	6.55638742446899	0	0	0
143	2-18	19.2209548950195	15.5690135955811	0	0
144	3-38	0	7.31860303878784	0	0
145	4-15	0	0	0	0
146	2-1	0	6.56395292282104	0	0
147	4-2	6.58023071289063	0	0	0
148	4-55	0	0	0	0
149	4-53	25.856969833374	0	0	0
150	2-3	0	0	0	0
151	2-15	0	0	0	0
152	4-58	40.4589424133301	0	0	0
153	2-15	0	0	0	0
154	4-47	2.90575861930847	0	0	0
155	3-33	0	0	0	0
156	Tetracycline	5.28294706344604	0	0	0
157	4-55	0	0	0	0
158	2-17	0	0	0	0
159	2-9	0	0	0	0
160	4-28a	31.6274261474609	0	0	0
161	Tetracycline	5.06713914871216	0	0	0
162	4-48	62.5879440307617	0	0	0
163	2-39	4.55850601196289	0	0	0
164	4-3	0	0	0	0
165	4-36	45.2494773864746	0	0	141.588836669922
166	3-34	0	7.08457612991333	0	0
167	3-50	0	0	0	0
168	2-4	6.62831449508667	0	0	0
169	4-28a	35.0848007202148	0	0	0
170	4-58	39.8971939086914	0	0	0
171	2-7	19.0809879302979	15.582347869873	0	0
172	4-55	0	0	0	0
173	4-55a	5.67131662368774	0	0	0
174	3-42	0	0	0	0
175	4-33	3.72041702270508	0	0	0
176	2-17	0	0	0	0
177	4-62	0	0	0	0
178	4-18	0	0	0	0
179	4-36	44.7371139526367	0	0	135.92822265625
180	2-15	0	0	0	0
181	2-8	10.8455410003662	12.281777381897	0	0
182	2-63	11.0880117416382	0	0	0
183	4-3	0	0	0	0
184	3-39	0	7.09531784057617	0	0
185	4-53	26.5219287872314	0	0	0
186	3-42	0	0	0	0
187	4-4	0	0	0	0
188	4-28a	31.605655670166	0	0	0
189	2-59	0	0	0	0
190	2-17	0	0	0	0
191	2-15	0	0	0	0
192	4-33	3.74792265892029	0	0	0
193	2-72	0	0	0	0
194	4-58	39.8256683349609	0	0	0
195	4-55	0	0	0	0
196	4-9	0	0	0	0
197	2-17	0	0	0	0
198	2-11	6.57405996322632	0	0	0
199	4-46	6.63447427749634	8.2658576965332	0	0
200	4-11	0	0	0	0
201	4-35	0	0	0	0
202	4-28	3.78911447525024	0	0	0
203	4-28	3.84355354309082	0	0	0
204	4-11	0	0	0	0
205	2-11	6.57725429534912	0	0	0
206	2-26	6.95867347717285	0	0	0
207	4-45	78.4313735961914	0	0	0
208	Ciprofloxacin	15.3118190765381	0	0	0
209	4-57	0	3.21644687652588	0	0
210	Tetracycline	5.16694211959839	0	0	0
211	2-5	0	0	0	0
212	2-17	0	0	0	0
213	4-47	2.87845039367676	0	0	0
214	Ampcillin	11.1553640365601	10.0399026870728	0	0
215	4-55	0	0	0	0
216	4-9	0	0	0	0
217	4-28	3.80328154563904	0	0	0
218	4-11	0	0	0	0
219	2-15	0	0	0	0
220	2-11	6.47908353805542	0	0	0
221	4-47	3.72355937957764	0	0	0
222	Ampcillin	11.2355728149414	10.1106433868408	0	0
223	2-99	0	0	0	0
224	2-7	19.5107955932617	15.7197322845459	0	0
225	4-28	3.83026313781738	0	0	0
226	2-8	11.5063228607178	12.8322296142578	0	0
227	4-35	0	0	0	0
228	4-33	3.65905237197876	0	0	0
229	4-30	0	0	0	0
230	4-58	38.6855392456055	0	0	0
231	4-4	0	0	0	0
232	Ciprofloxacin	14.1842803955078	0	0	0
233	2-30	6.66010427474976	0	0	0
234	2-26	7.09017181396484	0	0	0
235	3-33	0	0	0	0
236	4-35	0	0	0	0
237	Ciprofloxacin	15.3239488601685	0	0	0
238	4-18	0	0	0	0
239	3-42	0	0	0	0
240	2-26	7.28497314453125	0	0	0
241	2-7	19.4895820617676	15.6875791549683	0	0
242	4-4	0	0	0	0
243	4-28a	31.831750869751	0	0	0
244	4-11	0	0	0	0
245	2-13	6.04389476776123	0	0	0
246	3-38	0	6.24969148635864	0	0
247	4-48	61.8572235107422	0	0	0
248	4-54	3.76209211349487	0	0	0
249	3-9	0	0	0	0
250	3-42	0	0	0	0
251	2-9	0	0	0	0
252	2-30	6.5717716217041	0	0	0
253	4-43	77.5280609130859	0	0	0
254	2-8	9.36069297790527	12.5167798995972	0	0
255	2-17	0	0	0	0
256	2-71	0	0	0	0
257	Ciprofloxacin	14.9584856033325	0	0	0
258	4-3	0	0	0	0
259	3-34	0	7.23309755325317	0	0
260	2-1	0	6.36087799072266	0	0
261	4-52	6.42716932296753	0	0	0
262	2-26	6.27061176300049	0	0	0
263	2-17	0	0	0	0
264	Tetracycline	5.2786808013916	0	0	0
265	4-3	0	0	0	0
266	2-15	0	0	0	0
267	Tetracycline	5.20741939544678	0	0	0
268	4-43	69.7114105224609	0	0	0
269	2-26	7.23957824707031	0	0	0
270	2-51	0	4.06813859939575	0	0
271	3-39	0	7.41789197921753	0	0
272	3-38	0	7.39280605316162	0	0
273	2-61	0	0	0	0
274	3-34	0	6.93076705932617	0	0
275	2-34	5.73974847793579	0	0	0
276	2-18	19.6652374267578	15.7918682098389	0	0
277	4-48	62.5336494445801	0	0	0
278	2-7	21.2681941986084	16.0785236358643	0	0
279	4-43	73.6889190673828	0	0	0
280	4-48	62.0553359985352	0	0	0
281	4-18	0	0	0	0
282	2-2	0	6.23271179199219	0	0
283	2-30	6.53493976593018	0	0	0
284	2-72	0	0	0	0
285	2-59	0	0	0	0
286	4-14	3.83699035644531	0	0	0
287	4-44	16.2056694030762	0	0	0
288	2-7	20.2477951049805	15.9335994720459	0	0
289	4-18	0	0	0	0
290	4-57	0	4.11617374420166	0	0
291	4-43	73.7339553833008	0	0	0
292	2-30	5.99433374404907	0	0	0
293	3-39	0	7.37572813034058	0	0
294	2-1	0	6.83814668655396	0	0
295	2-25	0	0	0	0
296	4-48	62.3833618164063	0	0	0
297	2-16	0	0	0	0
298	4-58	39.3590469360352	0	0	0
299	2-12	14.417498588562	0	0	0
300	3-38	0	7.10654354095459	0	0
301	3-17	0	0	0	0
302	4-35	0	0	0	0
303	2-15	0	0	0	0
304	4-28a	31.4798488616943	0	0	0
305	2-1	0	7.10424375534058	0	0
306	Ciprofloxacin	15.3019943237305	0	0	0
307	4-33	3.69060921669006	0	0	0
308	4-54	2.81656742095947	0	0	0
309	2-1	0	7.21132135391235	0	0
310	4-15	0	0	0	0
311	4-48	62.1710205078125	0	0	0
312	3-34	0	6.85913133621216	0	0
313	4-15	0	0	0	0
314	4-44	15.3498544692993	0	0	0
315	4-18	0	0	0	0
316	2-18	21.4168128967285	16.1542530059814	0	0
317	3-39	0	7.38359785079956	0	0
318	2-59	0	0	0	0
319	2-39	4.97213315963745	0	0	0
320	2-17	0	0	0	0
321	2-9	0	0	0	0
322	2-99	0	0	0	0
323	2-15	0	0	0	0
324	Ciprofloxacin	15.1018848419189	0	0	0
325	2-3	0	0	0	0
326	2-7	20.7446556091309	16.1151523590088	0	0
327	4-43	65.6768798828125	0	0	0
328	2-34	5.85569477081299	0	0	0
329	Tetracycline	5.37134838104248	0	0	0
330	2-63	12.1505632400513	0	0	0
331	Tetracycline	5.32471084594727	0	0	0
332	4-11	0	0	0	0
333	2-11	6.56617879867554	0	0	0
334	3-34	0	6.25891256332397	0	0
335	2-8	12.0262613296509	12.2837247848511	0	0
336	3-42	0	0	0	0
337	2-20	0	7.24926900863647	0	0
338	2-26	7.49171876907349	0	0	0
339	4-54	3.78567099571228	0	0	0
340	4-54	3.76991868019104	0	0	0
341	4-47	2.86644220352173	0	0	0
342	4-43	61.6174697875977	0	0	0
343	4-48	61.8193969726563	0	0	0
344	3-42	0	0	0	0
345	3-34	0	6.4408860206604	0	0
346	4-28	3.75442242622375	0	0	0
347	2-20	0	7.33342313766479	0	0
348	4-3	0	0	0	0
349	4-44	15.1678047180176	0	0	0
350	2-41	16.0210914611816	0	0	0
351	4-48	62.2465171813965	0	0	0
352	2-74	0	0	0	0
353	4-15	0	0	0	0
354	4-28a	34.8324584960938	0	0	0
355	Ampcillin	11.7271881103516	10.8353366851807	0	0
356	2-18	20.9483489990234	16.1838989257813	0	0
357	2-18	16.6042785644531	14.2660818099976	0	0
358	4-60	5.56589221954346	0	0	0
359	2-24	5.91974020004272	0	0	0
360	2-70	0	0	0	0
361	4-18	0	0	0	0
362	2-72	0	0	0	0
363	2-19	5.58552694320679	0	0	0
364	Tetracycline	5.4146294593811	0	0	0
365	2-72	0	0	0	0
366	2-7	19.8759346008301	15.5901613235474	0	0
367	2-18	20.2152862548828	15.9774351119995	0	0
368	4-54	3.77266597747803	0	0	0
369	Ciprofloxacin	15.3937225341797	0	0	0
370	2-74	0	0	0	0
371	4-28	3.85709381103516	0	0	0
372	2-15	0	0	0	0
373	2-1	0	6.91006422042847	0	0
374	4-16	0	0	0	0
375	2-7	17.1223430633545	14.6344518661499	0	0
376	Chloramphenicol	6.80086994171143	0	0	0
377	4-44	15.1082019805908	0	0	0
378	4-28	3.00446391105652	0	0	0
379	2-71	0	0	0	0
380	2-30	6.59467267990112	0	0	0
381	4-30	0	0	0	0
382	2-3	0	0	0	0
383	3-38	0	6.62785339355469	0	0
384	4-33	3.70945358276367	0	0	0
385	4-30	0	0	0	0
386	2-59	0	0	0	0
387	4-28	2.96562933921814	0	0	0
388	2-15	0	0	0	0
389	2-99	0	0	0	0
390	2-72	0	0	0	0
391	4-35	0	0	0	0
392	2-23	0	0	0	0
393	2-12	14.5035619735718	0	0	0
394	4-60	5.10233211517334	0	0	0
395	2-12	14.580041885376	0	0	0
396	4-3	0	0	0	0
397	4-55	0	0	0	0
398	2-19	5.51950693130493	0	0	0
399	4-30	0	0	0	0
400	2-7	17.0436267852783	14.5526180267334	0	0
401	2-54	0	0	0	0
402	Ciprofloxacin	15.274977684021	0	0	0
403	2-17	0	0	0	0
404	4-58	34.7831993103027	0	0	0
405	2-68	0	0	0	0
406	2-18	19.310546875	15.541802406311	0	0
407	3-42	0	0	0	0
408	2-96	0	3.19923400878906	0	0
409	2-16	0	0	0	0
410	Tetracycline	5.40510368347168	0	0	0
411	3-38	0	6.90503120422363	0	0
412	4-35	0	0	0	0
413	2-24	5.80577373504639	0	0	0
414	Ampcillin	11.7343273162842	10.8278398513794	0	0
415	4-44	16.9787788391113	0	0	0
416	2-24	7.7811713218689	0	0	0
417	2-25	0	0	0	0
418	4-3	0	0	0	0
419	2-7	19.4760570526123	15.5563297271729	0	0
420	2-61	0	0	0	0
421	4-35	0	0	0	0
422	2-58	0	0	0	0
423	4-39	0	0	0	0
424	2-59	0	0	0	0
425	2-39	4.99276208877563	0	0	0
426	4-58	40.0594253540039	0	0	0
427	4-15	0	0	0	0
428	2-16	0	0	0	0
429	2-65	0	0	0	0
430	3-24	18.2611103057861	15.3976268768311	0	0
431	4-30	0	0	0	0
432	4-33	3.70583462715149	0	0	0
433	2-99	0	0	0	0
434	4-35	0	0	0	0
435	2-41	16.464017868042	0	0	0
436	3-38	0	7.1124095916748	0	0
437	2-41	14.3130674362183	0	0	0
438	4-43	65.3676452636719	0	0	0
439	3-29	0	0	0	0
440	2-99	0	0	0	0
441	2-54	0	0	0	0
442	2-84	0	0	0	0
443	2-19	8.76957511901855	0	0	0
444	3-34	0	7.03511905670166	0	0
445	2-73	7.59064769744873	0	0	0
446	4-44	14.2729349136353	0	0	0
447	4-39	0	0	0	0
448	4-18	0	0	0	0
449	3-38	0	6.73947095870972	0	0
450	4-30	0	0	0	0
451	2-96	0	3.19345498085022	0	0
452	4-3	0	0	0	0
453	3-39	0	7.18823337554932	0	0
454	2-7	21.0407066345215	15.9473390579224	0	0
455	2-30	6.22528266906738	0	0	0
456	2-54	0	0	0	0
457	Ciprofloxacin	14.0417051315308	0	0	0
458	4-55	0	0	0	0
459	2-24	6.17427110671997	0	0	0
460	2-12	14.5900230407715	0	0	0
461	2-1	0	6.80866003036499	0	0
462	4-33	3.68702793121338	0	0	0
463	4-54	2.81476759910584	0	0	0
464	2-8	10.154746055603	12.3851928710938	0	0
465	4-45	81.2239074707031	0	0	0
466	2-46	0	0	0	0
467	2-7	22.1704940795898	16.5835952758789	0	0
468	3-39	0	7.24865436553955	0	0
469	2-90	0	0	0	0
470	2-25	0	0	0	0
471	4-45	67.4972534179688	0	0	0
472	2-82	0	0	0	0
473	Ampcillin	12.1739053726196	11.1958599090576	0	0
474	Ciprofloxacin	15.6032857894897	0	0	0
475	4-9	0	0	0	0
476	2-77	9.39411067962646	0	0	0
477	2-96	0	3.16521120071411	0	0
478	2-68	0	0	0	0
479	2-99	0	0	0	0
480	Tetracycline	5.15742683410645	0	0	0
481	2-64	3.43496251106262	0	0	0
482	3-38	0	6.96634340286255	0	0
483	Ciprofloxacin	15.5322790145874	0	0	0
484	2-72	0	0	0	0
485	2-100	0	0	0	0
486	2-54	0	0	0	0
487	2-39	4.60826826095581	0	0	0
488	2-59	0	0	0	0
489	4-14	3.85519218444824	0	0	0
490	Tetracycline	5.33570718765259	0	0	0
491	Ampcillin	13.058087348938	11.4492216110229	0	0
492	2-71	0	0	0	0
493	2-26	7.45396852493286	0	0	0
494	2-2	0	6.62977123260498	0	0
495	2-54	0	0	0	0
496	2-75	0	0	0	0
497	2-97	11.0269002914429	32.3920974731445	0	0
498	4-14	3.81111788749695	0	0	0
499	2-17	0	0	0	0
500	2-39	5.02180814743042	0	0	0
501	4-37	0	0	0	0
502	3-24	21.3653087615967	16.265625	0	0
503	4-39	0	0	0	0
504	4-37	0	0	0	0
505	2-14	0	0	0	0
506	2-17	0	0	0	0
507	2-49	0	0	0	0
508	2-72	0	0	0	0
509	2-49	0	0	0	0
510	2-53	0	0	0	0
511	3-33	0	0	0	0
512	2-75	0	0	0	0
513	2-30	5.30300045013428	0	0	0
514	2-59	0	0	0	0
515	4-39	0	0	0	0
516	2-18	21.211332321167	15.998215675354	0	0
517	3-50	0	0	0	0
518	3-42	0	0	0	0
519	2-39	4.99748849868774	0	0	0
520	2-41	15.8215761184692	0	0	0
521	4-28	3.83770656585693	0	0	0
522	2-75	0	0	0	0
523	4-43	77.8313293457031	0	0	0
524	2-75	0	0	0	0
525	4-44	15.8335123062134	0	0	0
526	2-14	0	0	0	0
527	2-1	0	6.91210556030273	0	0
528	2-59	0	0	0	0
529	4-33	3.71307444572449	0	0	0
530	2-78	8.21001815795898	0	0	0
531	4-54	3.78013372421265	0	0	0
532	4-47	2.87322211265564	0	0	0
533	2-56	0	0	0	0
534	2-90	0	0	0	0
535	4-45	71.6054000854492	0	0	0
536	2-1	0	6.37403917312622	0	0
537	4-39	0	0	0	0
538	2-26	7.02267980575562	0	0	0
539	2-54	0	0	0	0
540	4-58	34.1925277709961	0	0	0
541	4-33	3.67678308486938	0	0	0
542	4-54	3.74910640716553	0	0	0
543	2-19	10.1592378616333	0	0	0
544	2-4	6.65642070770264	0	0	0
545	2-72	0	0	0	0
546	2-59	0	0	0	0
547	Tetracycline	5.13794946670532	0	0	0
548	3-38	0	6.72009325027466	0	0
549	3-34	0	6.97450637817383	0	0
550	3-9	0	0	0	0
551	3-38	0	7.32331228256226	0	0
552	Tetracycline	5.18355941772461	0	0	0
553	4-43	57.9150848388672	0	0	0
554	3-34	0	6.41777181625366	0	0
555	2-48	0	0	0	0
556	2-9	0	0	0	0
557	2-96	0	3.12174463272095	0	0
558	2-2	0	6.33590793609619	0	0
559	2-34	5.76226139068604	0	0	0
560	2-100	0	0	0	0
561	2-39	4.48732471466064	0	0	0
562	2-75	0	0	0	0
563	2-36	0	0	0	0
564	4-17	0	0	0	0
565	2-64	3.47080850601196	0	0	0
566	2-49	0	0	0	0
567	4-2	6.67345905303955	0	0	0
568	2-72	0	0	0	0
569	2-17	0	0	0	0
570	2-12	14.6092576980591	0	0	0
571	2-52	0	0	0	0
572	4-39	0	0	0	0
573	2-77	11.0019989013672	0	0	0
574	2-12	14.6150188446045	0	0	0
575	2-51	0	3.60530638694763	0	0
576	Ciprofloxacin	15.5230340957642	0	0	0
577	4-44	16.149959564209	0	0	0
578	3-40	0	7.31526136398315	0	0
579	3-34	0	6.39899253845215	0	0
580	3-2	0	6.85058069229126	0	0
581	3-29	0	0	0	0
582	2-100	0	0	0	0
583	4-28	3.85044169425964	0	0	0
584	2-2	0	7.19822311401367	0	0
585	2-75	0	0	0	0
586	Ciprofloxacin	15.3127775192261	0	0	0
587	2-2	0	7.31752824783325	0	0
588	4-2	6.68310689926147	0	0	0
589	2-50	0	0	0	0
590	2-61	0	0	0	0
591	2-63	11.2983474731445	0	0	0
592	4-58	34.8571929931641	0	0	0
593	2-17	0	0	0	0
594	2-18	19.8026561737061	15.5807695388794	0	0
595	2-54	0	0	0	0
596	4-27	0	0	0	0
597	4-35	0	0	0	0
598	2-8	10.5679035186768	13.2555713653564	0	0
599	2-96	0	3.16212940216064	0	0
600	2-41	15.8977060317993	0	0	0
601	2-30	4.87137413024902	0	0	0
602	3-41	0	7.08728742599487	0	0
603	2-7	21.2103614807129	16.1907005310059	0	0
604	2-71	0	0	0	0
605	2-13	5.78048038482666	0	0	0
606	2-55	0	0	0	0
607	2-21	8.13205528259277	0	0	0
608	4-33	3.67636132240295	0	0	0
609	2-12	14.304856300354	0	0	0
610	3-24	21.3584651947021	16.3037605285645	0	0
611	2-23	0	0	0	0
612	4-55	0	0	0	0
613	4-30	0	0	0	0
614	4-28a	34.6401824951172	0	0	0
615	4-58	40.1797294616699	0	0	0
616	2-24	7.57672309875488	0	0	0
617	2-41	12.9093723297119	0	0	0
618	2-96	0	3.18429398536682	0	0
619	4-60	5.61888694763184	0	0	0
620	4-55a	8.90369129180908	0	0	0
621	2-5	0	0	0	0
622	2-2	0	7.36640644073486	0	0
623	2-2	0	6.47732496261597	0	0
624	2-4	6.00136518478394	0	0	0
625	3-39	0	7.10691165924072	0	0
626	4-15	0	0	0	0
627	2-7	20.9668960571289	16.3368682861328	0	0
628	4-62	0	0	0	0
629	4-17	0	0	0	0
630	2-13	5.78919792175293	0	0	0
631	4-30	0	0	0	0
632	4-60	5.42385149002075	0	0	0
633	4-33	3.74523520469666	0	0	0
634	2-13	5.59702587127686	0	0	0
635	4-39	0	0	0	0
636	2-9	0	0	0	0
637	4-33	3.67236232757568	0	0	0
638	2-12	14.4904594421387	0	0	0
639	3-29	0	0	0	0
640	2-53	0	0	0	0
641	2-61	0	0	0	0
642	4-16	0	0	0	0
643	4-15	0	0	0	0
644	2-37	0	0	0	0
645	2-91	0	0	0	0
646	2-64	3.49818062782288	0	0	0
647	2-44	0	0	0	0
648	2-12	14.5173969268799	0	0	0
649	Ampcillin	13.1233024597168	11.8755397796631	0	0
650	2-71	0	0	0	0
651	4-55	0	0	0	0
652	2-24	7.64679527282715	0	0	0
653	4-27	0	0	0	0
654	2-55	0	0	0	0
655	2-2	0	6.52083778381348	0	0
656	3-15	0	0	0	0
657	2-48	0	0	0	0
658	4-3	0	0	0	0
659	2-24	7.42163467407227	0	0	0
660	2-39	4.44084548950195	0	0	0
661	4-37	0	0	0	0
662	4-60	5.29145193099976	0	0	0
663	2-81	0	0	0	0
664	4-2	6.66787958145142	0	0	0
665	4-58	36.2326240539551	0	0	0
666	2-65	0	0	0	0
667	2-95	0	5.97658586502075	0	0
668	2-19	10.2802772521973	0	0	0
669	Chloramphenicol	7.99811172485352	0	0	0
670	4-12	0	0	0	0
671	2-63	13.0471668243408	0	0	0
672	2-11	6.54796266555786	0	0	0
673	2-36	0	0	0	0
674	2-24	7.05563354492188	0	0	0
675	2-73	7.74614143371582	0	0	0
676	3-24	20.8839626312256	15.8676767349243	0	0
677	2-12	14.5760984420776	0	0	0
678	2-59	0	0	0	0
679	4-4	0	0	0	0
680	2-24	7.01994466781616	0	0	0
681	2-16	0	0	0	0
682	2-20	0	7.37713861465454	0	0
683	2-2	0	6.92300128936768	0	0
684	2-3	0	0	0	0
685	2-55	0	0	0	0
686	2-41	16.3479061126709	0	0	0
687	2-91	0	0	0	0
688	2-18	20.8877105712891	16.0953502655029	0	0
689	2-52	0	0	0	0
690	Tetracycline	5.29518222808838	0	0	0
691	2-74	0	0	0	0
692	3-29	0	0	0	0
693	4-33	3.61193013191223	0	0	0
694	4-17	0	0	0	0
695	Tetracycline	5.1416163444519	0	0	0
696	2-13	5.75567150115967	0	0	0
697	3-49	0	0	0	0
698	4-44	15.9992876052856	0	0	0
699	2-99	0	0	0	0
700	3-24	19.7890071868896	15.6948471069336	0	0
701	2-75	0	0	0	0
702	2-64	3.4299328327179	0	0	0
703	3-37	0	0	0	0
704	3-29	0	0	0	0
705	2-44	0	0	0	0
706	2-65	0	0	0	0
707	3-24	21.340913772583	16.2513008117676	0	0
708	3-39	0	6.91986608505249	0	0
709	2-39	4.97984218597412	0	0	0
710	2-99	0	0	0	0
711	4-30	0	0	0	0
712	2-39	4.35965442657471	0	0	0
713	4-45	81.0531463623047	0	0	0
714	2-39	4.38754796981812	0	0	0
715	2-59	0	0	0	0
716	4-35	0	0	0	0
717	2-41	12.7603588104248	0	0	0
718	2-26	8.28092384338379	0	0	0
719	2-56	0	0	0	0
720	4-39	0	0	0	0
721	4-47	2.85968589782715	0	0	0
722	2-5	0	0	0	0
723	2-19	10.0120162963867	0	0	0
724	3-9	0	0	0	0
725	4-17	0	0	0	0
726	2-74	0	0	0	0
727	4-45	71.3413009643555	0	0	0
728	4-58	39.2831039428711	0	0	0
729	4-45	80.1185913085938	0	0	0
730	2-8	11.9597663879395	12.9516286849976	0	0
731	2-72	0	0	0	0
732	2-91	0	0	0	0
733	2-79	0	0	0	0
734	2-16	0	0	0	0
735	2-63	11.1130142211914	0	0	0
736	3-24	18.7526798248291	15.0817975997925	0	0
737	2-24	7.85442495346069	0	0	0
738	2-83	0	0	0	0
739	2-14	0	0	0	0
740	2-97	14.7774124145508	32.6082000732422	0	0
741	4-37	0	0	0	0
742	3-52	0	0	0	0
743	3-5	0	7.27518701553345	0	0
744	2-100	0	0	0	0
745	2-64	3.42982959747314	0	0	0
746	3-31	0	0	0	0
747	3-24	19.8803958892822	15.5639448165894	0	0
748	2-46	0	0	0	0
749	4-15	0	0	0	0
750	2-13	5.79709243774414	0	0	0
751	3-53	0	0	0	0
752	2-18	21.1827201843262	16.1851272583008	0	0
753	Chloramphenicol	6.76044511795044	0	0	0
754	2-65	0	0	0	0
755	2-52	0	0	0	0
756	2-53	0	0	0	0
757	3-42	0	0	0	0
758	3-42	0	0	0	0
759	2-20	0	6.82125234603882	0	0
760	2-4	6.19675874710083	0	0	0
761	4-52	6.49974966049194	0	0	0
762	2-85	0	0	0	0
763	2-24	6.93252420425415	0	0	0
764	2-90	0	0	0	0
765	3-7	0	6.38970232009888	0	0
766	4-14	3.05941581726074	0	0	0
767	2-53	0	0	0	0
768	2-23	0	0	0	0
769	4-60	5.57991933822632	0	0	0
770	2-79	0	0	0	0
771	2-59	0	0	0	0
772	2-61	0	0	0	0
773	4-35	0	0	0	0
774	3-34	0	7.12746620178223	0	0
775	Chloramphenicol	6.93114566802979	0	0	0
776	4-28	3.86210608482361	0	0	0
777	4-50	0	7.15713024139404	0	0
778	4-12	0	0	0	0
779	4-55	0	0	0	0
780	2-77	8.52072906494141	0	0	0
781	2-5	0	0	0	0
782	2-41	15.3376140594482	0	0	0
783	3-17	0	0	0	0
784	3-39	0	7.35064220428467	0	0
785	4-37	0	0	0	0
786	2-63	13.0018043518066	0	0	0
787	4-28	3.83805274963379	0	0	0
788	2-79	0	0	0	0
789	2-24	7.42959594726563	0	0	0
790	3-39	0	6.94105672836304	0	0
791	2-49	0	0	0	0
792	3-42	0	0	0	0
793	2-41	15.3569679260254	0	0	0
794	2-75	0	0	0	0
795	2-5	0	0	0	0
796	2-96	0	3.1933012008667	0	0
797	3-39	0	6.11201333999634	0	0
798	4-55a	8.06350421905518	0	0	0
799	2-49	0	0	0	0
800	2-96	0	3.09962463378906	0	0
801	2-46	0	0	0	0
802	2-77	11.036171913147	0	0	0
803	3-34	0	6.91812753677368	0	0
804	3-39	0	7.32263708114624	0	0
805	2-9	0	0	0	0
806	4-12	0	0	0	0
807	3-41	0	7.24619626998901	0	0
808	2-78	8.90293788909912	0	0	0
809	2-44	0	0	0	0
810	2-58	0	0	0	0
811	2-14	0	0	0	0
812	2-9	0	0	0	0
813	2-14	0	0	0	0
814	4-45	64.1347579956055	0	0	0
815	4-47	3.80332446098328	0	0	0
816	4-50	0	7.15979099273682	0	0
817	2-61	0	0	0	0
818	4-57	0	4.11748838424683	0	0
819	2-95	0	5.97402715682983	0	0
820	2-60	0	0	0	0
821	2-50	0	0	0	0
822	2-100	0	0	0	0
823	2-22	0	0	0	0
824	2-19	10.3018312454224	0	0	0
825	2-72	0	0	0	0
826	2-54	0	0	0	0
827	2-91	0	0	0	0
828	3-24	19.3754177093506	15.2596883773804	0	0
829	4-35	0	0	0	0
830	2-2	0	7.17762660980225	0	0
831	2-85	0	0	0	0
832	2-99	0	0	0	0
833	2-100	0	0	0	0
834	2-21	7.06862115859985	0	0	0
835	2-26	7.73063182830811	0	0	0
836	2-14	0	0	0	0
837	2-53	0	0	0	0
838	2-63	11.0235185623169	0	0	0
839	4-39	0	0	0	0
840	Ampcillin	11.7573080062866	11.0241146087646	0	0
841	2-53	0	0	0	0
842	2-81	0	0	0	0
843	2-13	6.10096263885498	0	0	0
844	2-78	9.21147632598877	0	0	0
845	2-71	0	0	0	0
846	2-5	0	0	0	0
847	2-98	10.7537355422974	24.2678928375244	0	0
848	2-90	0	0	0	0
849	Chloramphenicol	7.06538820266724	0	0	0
850	2-53	0	0	0	0
851	4-35	0	0	0	0
852	4-37	0	0	0	0
853	2-9	0	0	0	0
854	3-15	0	0	0	0
855	2-94	0	3.04723858833313	0	0
856	2-100	0	0	0	0
857	2-86	0	0	0	0
858	3-31	0	0	0	0
859	2-25	0	0	0	0
860	2-90	0	0	0	0
861	3-38	0	6.31799459457397	0	0
862	2-23	0	0	0	0
863	4-45	71.5861663818359	0	0	0
864	2-16	0	0	0	0
865	4-31	14.8326635360718	10.4519624710083	0	0
866	2-21	7.64844131469727	0	0	0
867	2-95	0	5.99037885665894	0	0
868	2-90	0	0	0	0
869	4-39	0	0	0	0
870	2-14	0	0	0	0
871	2-95	0	5.99513912200928	0	0
872	4-55	0	0	0	0
873	2-43	0	0	0	0
874	2-95	0	5.99140739440918	0	0
875	2-98	9.39087772369385	23.4794807434082	0	0
876	3-2	0	6.77915382385254	0	0
877	4-2	6.63315153121948	0	0	0
878	2-2	0	6.15256309509277	0	0
879	2-71	0	0	0	0
880	2-34	5.83563423156738	0	0	0
881	4-17	0	0	0	0
882	4-45	67.9102249145508	0	0	0
883	4-57	0	3.1273045539856	0	0
884	4-37a	0	0	0	0
885	3-50	0	0	0	0
886	4-52	6.47977638244629	0	0	0
887	3-9	0	0	0	0
888	2-94	0	3.14496684074402	0	0
889	4-30	0	0	0	0
890	3-54	0	0	0	0
891	2-91	0	0	0	0
892	2-4	5.94556188583374	0	0	0
893	2-56	0	0	0	0
894	2-26	8.03990364074707	0	0	0
895	4-30	0	0	0	0
896	3-25	19.4486293792725	15.6387643814087	0	0
897	2-41	14.6448049545288	0	0	0
898	3-42	0	0	0	0
899	2-91	0	0	0	0
900	3-53	0	0	0	0
901	3-24	20.8046894073486	16.3672199249268	0	0
902	2-9	0	0	0	0
903	Ciprofloxacin	15.2004594802856	0	0	0
904	2-23	0	0	0	0
905	2-68	0	0	0	0
906	2-4	5.96829509735107	0	0	0
907	2-78	7.97258138656616	0	0	0
908	2-18	21.1865692138672	16.1548309326172	0	0
909	2-68	0	0	0	0
910	4-18	0	0	0	0
911	2-65	0	0	0	0
912	2-53	0	0	0	0
913	2-46	0	0	0	0
914	2-14	0	0	0	0
915	3-24	18.4149208068848	15.1781749725342	0	0
916	2-55	0	0	0	0
917	4-50	0	6.87839412689209	0	0
918	2-19	7.63469505310059	0	0	0
919	2-56	0	0	0	0
920	2-13	5.63022756576538	0	0	0
921	2-73	8.22171783447266	0	0	0
922	2-94	0	3.15836644172668	0	0
923	3-17	0	0	0	0
924	2-26	8.28840446472168	0	0	0
925	3-50	0	0	0	0
926	2-66	0	0	0	0
927	2-81	0	0	0	0
928	4-55a	9.11903476715088	0	0	0
929	2-55	0	0	0	0
930	2-18	20.5858573913574	15.9815444946289	0	0
931	3-17	0	0	0	0
932	2-55	0	0	0	0
933	4-31	20.27419090271	10.3504180908203	0	0
934	2-100	0	0	0	0
935	2-36	0	0	0	0
936	2-91	0	0	0	0
937	3-2	0	6.30960559844971	0	0
938	2-30	5.12369251251221	0	0	0
939	2-22	0	0	0	0
940	2-29	0	0	0	0
941	3-29	0	0	0	0
942	2-47	0	0	0	0
943	3-30	2.37406444549561	0	0	0
944	2-13	5.8450756072998	0	0	0
945	2-72	0	0	0	0
946	2-14	0	0	0	0
947	3-24	20.1553630828857	15.7935543060303	0	0
948	2-67	0	0	0	0
949	4-55	0	0	0	0
950	2-94	0	3.14989829063416	0	0
951	2-16	0	0	0	0
952	3-2	0	6.73299789428711	0	0
953	3-30	2.3688588142395	0	0	0
954	Ampcillin	11.0027027130127	10.1701602935791	0	0
955	2-2	0	6.62083435058594	0	0
956	3-30	2.37298965454102	0	0	0
957	2-14	0	0	0	0
958	2-86	0	0	0	0
959	4-52	6.44936752319336	0	0	0
960	4-52	6.52935075759888	0	0	0
961	2-4	6.65372562408447	0	0	0
962	2-36	0	0	0	0
963	2-96	0	3.19787693023682	0	0
964	4-37	0	0	0	0
965	2-3	0	0	0	0
966	2-77	9.09387493133545	0	0	0
967	2-73	11.24729347229	0	0	0
968	3-29	0	0	0	0
969	2-100	0	0	0	0
970	4-9	0	0	0	0
971	2-56	0	0	0	0
972	4-37a	0	0	0	0
973	2-34	5.80710983276367	0	0	0
974	2-9	0	0	0	0
975	Chloramphenicol	6.93611335754395	0	0	0
976	3-29	0	0	0	0
977	3-2	0	6.2826247215271	0	0
978	4-3a	0	0	0	0
979	4-3a	0	0	0	0
980	3-29	0	0	0	0
981	4-58	36.7422904968262	0	0	0
982	3-24	21.4508647918701	16.2526168823242	0	0
983	2-99	0	0	0	0
984	2-37	0	0	0	0
985	2-94	0	3.12763404846191	0	0
986	2-21	6.46992778778076	0	0	0
987	2-77	9.43520641326904	0	0	0
988	4-4	0	0	0	0
989	2-99	0	0	0	0
990	4-12	0	0	0	0
991	4-50	0	7.36052370071411	0	0
992	2-88	0	0	0	0
993	3-41	0	6.36867332458496	0	0
994	4-55a	7.77220869064331	0	0	0
995	3-9	0	0	0	0
996	Ampcillin	11.0291090011597	10.2701978683472	0	0
997	3-40	0	6.98602724075317	0	0
998	2-26	7.70080232620239	0	0	0
999	3-17	0	0	0	0
1000	2-20	0	6.91562986373901	0	0
1001	3-29	0	0	0	0
1002	2-58	0	0	0	0
1003	4-60	5.29721593856812	0	0	0
1004	4-33	3.69253611564636	0	0	0
1005	Ampcillin	12.5593633651733	11.7180013656616	0	0
1006	3-6	0	7.11929559707642	0	0
1007	4-57	0	4.1335768699646	0	0
1008	2-50	0	0	0	0
1009	Ampcillin	11.5181188583374	10.5539379119873	0	0
1010	4-3a	0	0	0	0
1011	2-17	0	0	0	0
1012	2-21	7.11500787734985	0	0	0
1013	4-57	0	3.22153544425964	0	0
1014	2-61	0	0	0	0
1015	2-66	0	0	0	0
1016	2-100	0	0	0	0
1017	2-13	5.69333505630493	0	0	0
1018	2-2	0	6.81579208374023	0	0
1019	2-91	0	0	0	0
1020	Chloramphenicol	7.77171564102173	0	0	0
1021	2-84	0	0	0	0
1022	2-14	0	0	0	0
1023	4-62	0	0	0	0
1024	4-30	0	0	0	0
1025	4-14	3.85954403877258	0	0	0
1026	2-59	0	0	0	0
1027	2-77	8.21031665802002	0	0	0
1028	2-51	0	4.09225034713745	0	0
1029	2-24	7.26797533035278	0	0	0
1030	2-33	0	0	0	0
1031	2-38	6.5374960899353	0	0	0
1032	Chloramphenicol	7.10651016235352	0	0	0
1033	2-35	6.52529907226563	0	0	0
1034	2-35	6.52621603012085	0	0	0
1035	2-77	8.74558258056641	0	0	0
1036	3-2	0	6.65344095230103	0	0
1037	4-12	0	0	0	0
1038	4-17	0	0	0	0
1039	4-37a	0	0	0	0
1040	3-24	21.4035415649414	16.2756977081299	0	0
1041	3-17	0	0	0	0
1042	2-48	0	0	0	0
1043	3-40	0	7.2311372756958	0	0
1044	2-20	0	6.88660287857056	0	0
1045	2-39	4.46200704574585	0	0	0
1046	2-98	9.92114925384521	23.7985725402832	0	0
1047	2-100	0	0	0	0
1048	3-45	0	0	0	0
1049	3-36	0	7.14432430267334	0	0
1050	2-25	0	0	0	0
1051	2-19	9.52169418334961	0	0	0
1052	2-47	0	0	0	0
1053	2-58	0	0	0	0
1054	2-77	8.37395858764648	0	0	0
1055	2-34	5.81082820892334	0	0	0
1056	4-18	0	0	0	0
1057	4-28	3.78047609329224	0	0	0
1058	2-3	0	0	0	0
1059	3-41	0	7.0226845741272	0	0
1060	2-20	0	6.89456033706665	0	0
1061	2-95	0	5.9909143447876	0	0
1062	2-75	0	0	0	0
1063	3-54	0	0	0	0
1064	4-37	0	0	0	0
1065	2-47	0	0	0	0
1066	2-100	0	0	0	0
1067	2-55	0	0	0	0
1068	3-50	0	0	0	0
1069	4-39	0	0	0	0
1070	4-50	0	7.19774866104126	0	0
1071	2-3	0	0	0	0
1072	3-2	0	6.95765733718872	0	0
1073	3-2	0	6.8703498840332	0	0
1074	2-21	7.69776916503906	0	0	0
1075	3-31	0	0	0	0
1076	4-31	20.4059391021729	10.7068729400635	0	0
1077	2-65	0	0	0	0
1078	4-55a	8.13453960418701	0	0	0
1079	2-20	0	6.3865761756897	0	0
1080	2-4	6.35781478881836	0	0	0
1081	2-61	0	0	0	0
1082	4-31	17.2330303192139	9.7217960357666	0	0
1083	2-58	0	0	0	0
1084	2-5	0	0	0	0
1085	2-37	0	0	0	0
1086	2-13	5.81236457824707	0	0	0
1087	4-45	64.5440292358398	0	0	0
1088	4-30	0	0	0	0
1089	2-3	0	0	0	0
1090	2-32	0	0	0	0
1091	3-31	0	0	0	0
1092	2-77	11.0916004180908	0	0	0
1093	3-41	0	6.28721570968628	0	0
1094	3-5	0	7.41784191131592	0	0
1095	2-96	0	3.13442993164063	0	0
1096	4-52	6.51993608474731	0	0	0
1097	4-46	7.70844602584839	9.42249584197998	0	0
1098	3-39	0	6.82402515411377	0	0
1099	4-16	0	0	0	0
1100	2-63	10.9342613220215	0	0	0
1101	4-17	0	0	0	0
1102	2-64	3.47226858139038	0	0	0
1103	4-15	0	0	0	0
1104	2-96	0	3.16918396949768	0	0
1105	2-58	0	0	0	0
1106	4-60	6.57773876190186	0	0	0
1107	4-3a	0	0	0	0
1108	3-36	0	6.58557510375977	0	0
1109	2-100	0	0	0	0
1110	2-19	10.2567195892334	0	0	0
1111	4-37	0	0	0	0
1112	4-16	0	0	0	0
1113	2-4	6.68152379989624	0	0	0
1114	2-21	7.83953189849854	0	0	0
1115	2-33	0	0	0	0
1116	3-37	0	0	0	0
1117	2-67	0	0	0	0
1118	2-71	0	0	0	0
1119	2-21	8.26877975463867	0	0	0
1120	4-30	0	0	0	0
1121	2-85	0	0	0	0
1122	2-21	8.00509071350098	0	0	0
1123	2-58	0	0	0	0
1124	2-19	10.0376148223877	0	0	0
1125	4-4	0	0	0	0
1126	2-45	2.37395119667053	0	0	0
1127	2-94	0	3.13313889503479	0	0
1128	2-12	14.5830268859863	0	0	0
1129	4-45	67.169303894043	0	0	0
1130	2-54	0	0	0	0
1131	3-40	0	7.22572088241577	0	0
1132	3-41	0	6.7266583442688	0	0
1133	3-36	0	6.3207688331604	0	0
1134	3-24	18.9459590911865	15.3801317214966	0	0
1135	4-60	5.66679382324219	0	0	0
1136	2-68	0	0	0	0
1137	3-54	0	0	0	0
1138	2-76	0	0	0	0
1139	2-4	6.65713119506836	0	0	0
1140	2-91	0	0	0	0
1141	3-30	2.36917853355408	0	0	0
1142	2-53	0	0	0	0
1143	2-96	0	3.2992479801178	0	0
1144	4-55a	9.24113082885742	0	0	0
1145	2-91	0	0	0	0
1146	2-23	0	0	0	0
1147	2-16	0	0	0	0
1148	2-96	0	3.19373154640198	0	0
1149	2-36	0	0	0	0
1150	2-83	0	0	0	0
1151	Ampcillin	11.2558565139771	10.2539234161377	0	0
1152	4-50	0	7.08934926986694	0	0
1153	2-45	2.37303924560547	0	0	0
1154	2-78	8.82520484924316	0	0	0
1155	4-55a	8.97529220581055	0	0	0
1156	4-41	0	0	0	0
1157	3-44	0	0	0	0
1158	3-40	0	7.21755599975586	0	0
1159	2-56	0	0	0	0
1160	4-12	0	0	0	0
1161	2-63	10.9323024749756	0	0	0
1162	2-37	0	0	0	0
1163	2-4	5.92102146148682	0	0	0
1164	3-31	0	0	0	0
1165	2-16	0	0	0	0
1166	2-87	0	0	0	0
1167	4-15	0	0	0	0
1168	2-21	7.84300756454468	0	0	0
1169	3-31	0	0	0	0
1170	2-98	10.1037979125977	25.438232421875	0	0
1171	2-60	0	0	0	0
1172	2-91	0	0	0	0
1173	2-33	0	0	0	0
1174	3-54	0	0	0	0
1175	3-35	2.36755013465881	21.5746269226074	0	0
1176	2-71	0	0	0	0
1177	4-12	0	0	0	0
1178	2-84	0	0	0	0
1179	2-68	0	0	0	0
1180	2-97	13.6765356063843	33.6673927307129	0	0
1181	2-55	0	0	0	0
1182	4-60	5.66040658950806	0	0	0
1183	2-56	0	0	0	0
1184	4-4	0	0	0	0
1185	2-65	0	0	0	0
1186	2-76	0	0	0	0
1187	2-20	0	7.1707501411438	0	0
1188	2-67	0	0	0	0
1189	2-100	0	0	0	0
1190	4-60	5.61452960968018	0	0	0
1191	4-52	6.49098873138428	0	0	0
1192	2-91	0	0	0	0
1193	4-60	6.58699703216553	0	0	0
1194	2-19	9.86704063415527	0	0	0
1195	3-17	0	0	0	0
1196	2-97	12.2438945770264	30.4082584381104	0	0
1197	3-5	0	6.84232997894287	0	0
1198	2-56	0	0	0	0
1199	2-14	0	0	0	0
1200	3-2	0	6.73415803909302	0	0
1201	2-20	0	6.73606157302856	0	0
1202	2-93	0	0	0	0
1203	4-57	0	4.14332580566406	0	0
1204	4-52	6.46498107910156	0	0	0
1205	2-4	6.64440870285034	0	0	0
1206	3-44	0	0	0	0
1207	2-76	0	0	0	0
1208	2-94	0	3.15795516967773	0	0
1209	4-4	0	0	0	0
1210	3-30	2.37267017364502	0	0	0
1211	4-47	3.75913166999817	0	0	0
1212	2-84	0	0	0	0
1213	2-47	0	0	0	0
1214	2-39	4.32044363021851	0	0	0
1215	4-2	6.63087368011475	0	0	0
1216	3-21	84.7737197875977	0	0	0
1217	2-77	8.42774200439453	0	0	0
1218	3-36	0	6.08737373352051	0	0
1219	2-37	0	0	0	0
1220	4-45	68.3993835449219	0	0	0
1221	4-60	5.65888833999634	0	0	0
1222	4-16	0	0	0	0
1223	2-73	8.38518524169922	0	0	0
1224	4-3a	0	0	0	0
1225	4-6	0	0	0	0
1226	4-60	6.54315137863159	0	0	0
1227	4-2	6.65640115737915	0	0	0
1228	3-15	0	0	0	0
1229	2-58	0	0	0	0
1230	4-57	0	3.38062596321106	0	0
1231	3-53	0	0	0	0
1232	2-30	5.2013258934021	0	0	0
1233	2-37	0	0	0	0
1234	2-4	6.22311019897461	0	0	0
1235	2-88	0	0	0	0
1236	2-64	3.4331636428833	0	0	0
1237	2-98	10.9742965698242	24.5049743652344	0	0
1238	2-95	0	5.99809217453003	0	0
1239	4-37	0	0	0	0
1240	4-4	0	0	0	0
1241	4-37	0	0	0	0
1242	2-56	0	0	0	0
1243	2-81	0	0	0	0
1244	4-6	0	0	0	0
1245	2-59	0	0	0	0
1246	4-3a	0	0	0	0
1247	2-22	0	0	0	0
1248	2-21	8.27086162567139	0	0	0
1249	3-30	2.37357902526855	0	0	0
1250	3-21	70.6052398681641	0	0	0
1251	2-53	0	0	0	0
1252	4-52	6.43123149871826	0	0	0
1253	2-60	0	0	0	0
1254	4-47	3.74298906326294	0	0	0
1255	3-31	0	0	0	0
1256	2-59	0	0	0	0
1257	4-50	0	7.38486003875732	0	0
1258	2-78	8.1145658493042	0	0	0
1259	4-3a	0	0	0	0
1260	2-55	0	0	0	0
1261	3-52	0	0	0	0
1262	4-12	0	0	0	0
1263	2-21	6.17527770996094	0	0	0
1264	3-36	0	6.49347496032715	0	0
1265	4-52	6.50002908706665	0	0	0
1266	2-75	0	0	0	0
1267	2-95	0	5.98652315139771	0	0
1268	3-44	0	0	0	0
1269	2-2	0	7.31155586242676	0	0
1270	3-30	2.37098717689514	0	0	0
1271	2-77	8.11226081848145	0	0	0
1272	2-37	0	0	0	0
1273	2-41	14.0604496002197	0	0	0
1274	2-50	0	0	0	0
1275	2-52	0	0	0	0
1276	2-77	8.19102954864502	0	0	0
1277	2-71	0	0	0	0
1278	2-67	0	0	0	0
1279	3-21	80.7180404663086	0	0	0
1280	2-34	5.7174859046936	0	0	0
1281	2-3	0	0	0	0
1282	2-54	0	0	0	0
1283	4-60	5.68127155303955	0	0	0
1284	2-65	0	0	0	0
1285	4-6	0	0	0	0
1286	2-38	6.53742456436157	0	0	0
1287	3-40	0	6.51584339141846	0	0
1288	2-14	0	0	0	0
1289	2-85	0	0	0	0
1290	2-79	0	0	0	0
1291	4-12	0	0	0	0
1292	2-55	0	0	0	0
1293	2-84	0	0	0	0
1294	2-91	0	0	0	0
1295	2-54	0	0	0	0
1296	2-95	0	5.99746894836426	0	0
1297	2-37	0	0	0	0
1298	2-33	0	0	0	0
1299	4-4	0	0	0	0
1300	2-75	0	0	0	0
1301	2-94	0	3.09903454780579	0	0
1302	3-21	85.5022735595703	0	0	0
1303	3-30	2.37336921691895	0	0	0
1304	2-23	0	0	0	0
1305	2-3	0	0	0	0
1306	3-29	0	0	0	0
1307	2-73	8.55650615692139	0	0	0
1308	2-95	0	5.99908399581909	0	0
1309	2-91	0	0	0	0
1310	4-60	5.65948057174683	0	0	0
1311	3-41	0	7.19379377365112	0	0
1312	2-16	0	0	0	0
1313	2-20	0	7.01362562179565	0	0
1314	4-50	0	7.26873636245728	0	0
1315	2-78	6.91766166687012	0	0	0
1316	4-50	0	7.33687210083008	0	0
1317	3-44	0	0	0	0
1318	2-36	0	0	0	0
1319	2-56	0	0	0	0
1320	4-12	0	0	0	0
1321	2-85	0	0	0	0
1322	2-50	0	0	0	0
1323	2-44	0	0	0	0
1324	3-44	0	0	0	0
1325	4-55	0	0	0	0
1326	2-95	0	5.99368238449097	0	0
1327	2-33	0	0	0	0
1328	3-35	2.37103533744812	21.6629199981689	0	0
1329	3-29	0	0	0	0
1330	2-65	0	0	0	0
1331	2-95	0	5.99202394485474	0	0
1332	2-97	14.4508829116821	32.3043212890625	0	0
1333	2-79	0	0	0	0
1334	2-23	0	0	0	0
1335	2-94	0	3.19882440567017	0	0
1336	3-30	2.36871242523193	0	0	0
1337	2-97	13.6875782012939	32.7019691467285	0	0
1338	4-55a	7.41489791870117	0	0	0
1339	4-52	6.50952672958374	0	0	0
1340	2-33	0	0	0	0
1341	3-17	0	0	0	0
1342	2-93	0	0	0	0
1343	2-82	0	0	0	0
1344	3-54	0	0	0	0
1345	2-20	0	6.33600425720215	0	0
1346	3-36	0	6.79990577697754	0	0
1347	4-60	5.69074583053589	0	0	0
1348	3-2	0	6.6930832862854	0	0
1349	2-30	5.29682540893555	0	0	0
1350	3-50	0	0	0	0
1351	3-5	0	7.10078001022339	0	0
1352	3-30	2.37258768081665	0	0	0
1353	2-79	0	0	0	0
1354	4-6	0	0	0	0
1355	2-5	0	0	0	0
1356	2-90	0	0	0	0
1357	2-38	6.51814842224121	0	0	0
1358	3-53	0	0	0	0
1359	2-43	0	0	0	0
1360	3-44	0	0	0	0
1361	2-70	0	0	0	0
1362	2-47	0	0	0	0
1363	3-46	0	0	0	0
1364	4-17	0	0	0	0
1365	3-17	0	0	0	0
1366	4-9	0	0	0	0
1367	3-35	2.37158536911011	23.0692939758301	0	0
1368	2-55	0	0	0	0
1369	2-30	5.36026239395142	0	0	0
1370	2-81	0	0	0	0
1371	4-17	0	0	0	0
1372	4-57	0	3.11767601966858	0	0
1373	2-71	0	0	0	0
1374	4-50	0	7.40058946609497	0	0
1375	4-4	0	0	0	0
1376	4-17	0	0	0	0
1377	2-54	0	0	0	0
1378	4-6	0	0	0	0
1379	2-56	0	0	0	0
1380	4-12	0	0	0	0
1381	4-60	5.34520816802979	0	0	0
1382	3-25	19.8673934936523	15.8264684677124	0	0
1383	3-21	86.9510192871094	0	0	0
1384	4-50	0	6.8606219291687	0	0
1385	4-41	0	0	0	0
1386	4-18	0	0	0	0
1387	2-37	0	0	0	0
1388	2-27	0	0	0	0
1389	4-14	2.99879932403564	0	0	0
1390	3-30	2.37174010276794	0	0	0
1391	3-41	0	7.1211633682251	0	0
1392	2-87	0	0	0	0
1393	3-36	0	6.35715818405151	0	0
1394	2-36	0	0	0	0
1395	3-12	0	0	0	0
1396	2-87	0	0	0	0
1397	4-18	0	0	0	0
1398	2-78	10.6782493591309	0	0	0
1399	3-10	0	0	0	0
1400	3-31	0	0	0	0
1401	4-62	0	0	0	0
1402	2-5	0	0	0	0
1403	4-18	0	0	0	0
1404	3-45	0	0	0	0
1405	3-17	0	0	0	0
1406	2-39	4.89998579025269	0	0	0
1407	3-53	0	0	0	0
1408	2-58	0	0	0	0
1409	2-33	0	0	0	0
1410	3-50	0	0	0	0
1411	4-9	0	0	0	0
1412	3-44	0	0	0	0
1413	3-25	19.9367847442627	15.715726852417	0	0
1414	2-94	0	3.18530058860779	0	0
1415	2-21	6.04329633712769	0	0	0
1416	2-98	7.57154750823975	21.6397800445557	0	0
1417	3-44	0	0	0	0
1418	2-43	0	0	0	0
1419	2-20	0	6.56493330001831	0	0
1420	2-81	0	0	0	0
1421	2-53	0	0	0	0
1422	3-6	0	7.37442827224731	0	0
1423	3-12	0	0	0	0
1424	2-19	10.5595407485962	0	0	0
1425	2-83	0	0	0	0
1426	2-49	0	0	0	0
1427	4-9	0	0	0	0
1428	2-58	0	0	0	0
1429	4-18	0	0	0	0
1430	3-44	0	0	0	0
1431	3-40	0	7.22606182098389	0	0
1432	2-73	8.54569816589355	0	0	0
1433	2-21	7.76840877532959	0	0	0
1434	2-37	0	0	0	0
1435	3-2	0	7.27284097671509	0	0
1436	2-44	0	0	0	0
1437	2-52	0	0	0	0
1438	2-74	0	0	0	0
1439	3-37	0	0	0	0
1440	3-26	18.0369720458984	14.8683519363403	0	0
1441	4-14	3.21975541114807	0	0	0
1442	2-78	7.67010688781738	0	0	0
1443	2-5	0	0	0	0
1444	2-83	0	0	0	0
1445	4-45	63.4352569580078	0	0	0
1446	3-26	18.0045909881592	14.8376131057739	0	0
1447	4-60	5.16255044937134	0	0	0
1448	4-41	0	0	0	0
1449	4-28	2.98736000061035	0	0	0
1450	4-29	2.96737790107727	0	0	0
1451	2-42	0	0	0	0
1452	2-23	0	0	0	0
1453	2-82	0	0	0	0
1454	2-65	0	0	0	0
1455	3-30	2.36632347106934	0	0	0
1456	4-43	72.5772933959961	0	0	0
1457	2-63	10.1144123077393	0	0	0
1458	2-58	0	0	0	0
1459	2-36	0	0	0	0
1460	4-47	3.76056003570557	0	0	0
1461	3-44	0	0	0	0
1462	3-50	0	0	0	0
1463	2-61	0	0	0	0
1464	2-76	0	0	0	0
1465	3-26	17.6274166107178	14.6413726806641	0	0
1466	3-46	0	0	0	0
1467	2-37	0	0	0	0
1468	3-15	0	0	0	0
1469	3-17	0	0	0	0
1470	2-42	0	0	0	0
1471	2-76	0	0	0	0
1472	3-26	17.589469909668	14.8608779907227	0	0
1473	3-40	0	6.43674087524414	0	0
1474	2-43	0	0	0	0
1475	2-60	0	0	0	0
1476	2-79	0	0	0	0
1477	2-57	0	0	0	0
1478	2-20	0	7.00953245162964	0	0
1479	3-37	0	0	0	0
1480	2-73	8.83376789093018	0	0	0
1481	4-14	3.05709981918335	0	0	0
1482	3-44	0	0	0	0
1483	2-42	0	0	0	0
1484	2-64	3.46524906158447	0	0	0
1485	4-6	0	0	0	0
1486	3-31	0	0	0	0
1487	Chloramphenicol	6.18780469894409	0	0	0
1488	2-61	0	0	0	0
1489	2-65	0	0	0	0
1490	3-2	0	6.30160808563232	0	0
1491	2-92	0	0	0	0
1492	4-17	0	0	0	0
1493	2-33	0	0	0	0
1494	2-92	0	0	0	0
1495	Chloramphenicol	6.33325815200806	0	0	0
1496	2-70	0	0	0	0
1497	2-49	0	0	0	0
1498	2-45	2.37291502952576	0	0	0
1499	2-52	0	0	0	0
1500	3-42	0	0	0	0
1501	4-60	5.4857964515686	0	0	0
1502	2-36	0	0	0	0
1503	2-71	0	0	0	0
1504	2-56	0	0	0	0
1505	4-4	0	0	0	0
1506	2-90	0	0	0	0
1507	2-50	0	0	0	0
1508	4-46	7.49460554122925	8.73805236816406	0	0
1509	2-53	0	0	0	0
1510	2-25	0	0	0	0
1511	2-79	0	0	0	0
1512	4-46	7.62315702438354	8.72222709655762	0	0
1513	2-30	5.27958250045776	0	0	0
1514	2-95	0	5.99574518203735	0	0
1515	2-94	0	3.19465351104736	0	0
1516	2-24	7.39005756378174	0	0	0
1517	4-37a	0	0	0	0
1518	2-98	9.65029811859131	24.0303173065186	0	0
1519	2-43	0	0	0	0
1520	3-40	0	7.32678937911987	0	0
1521	2-49	0	0	0	0
1522	2-75	0	0	0	0
1523	2-75	0	0	0	0
1524	3-37	0	0	0	0
1525	3-50	0	0	0	0
1526	4-62	0	0	0	0
1527	4-60	6.55921745300293	0	0	0
1528	3-5	0	6.78160858154297	0	0
1529	2-49	0	0	0	0
1530	3-10	0	0	0	0
1531	3-9	0	0	0	0
1532	2-40	0	0	0	0
1533	4-41	0	0	0	0
1534	4-3a	0	0	0	0
1535	3-26	18.9587116241455	15.3119592666626	0	0
1536	2-90	0	0	0	0
1537	2-66	0	0	0	0
1538	3-11	0	0	0	0
1539	2-16	0	0	0	0
1540	2-83	0	0	0	0
1541	2-38	6.54765892028809	0	0	0
1542	4-3a	0	0	0	0
1543	2-63	11.0162229537964	0	0	0
1544	4-31	16.4735774993896	10.3509769439697	0	0
1545	4-52	6.48794412612915	0	0	0
1546	2-81	0	0	0	0
1547	2-55	0	0	0	0
1548	2-86	0	0	0	0
1549	2-94	0	3.1437554359436	0	0
1550	2-52	0	0	0	0
1551	4-60	5.14971446990967	0	0	0
1552	4-17	0	0	0	0
1553	2-97	11.7886095046997	32.6281547546387	0	0
1554	4-14	3.86497402191162	0	0	0
1555	2-63	10.9789915084839	0	0	0
1556	3-10	0	0	0	0
1557	2-79	0	0	0	0
1558	2-56	0	0	0	0
1559	3-53	0	0	0	0
1560	4-12	0	0	0	0
1561	3-46	0	0	0	0
1562	2-25	0	0	0	0
1563	4-50	0	7.21939516067505	0	0
1564	2-98	7.42172908782959	21.2521820068359	0	0
1565	2-92	0	0	0	0
1566	3-30	2.36808395385742	0	0	0
1567	3-21	85.2628784179688	0	0	0
1568	2-64	3.48680710792542	0	0	0
1569	2-41	15.0162715911865	0	0	0
1570	2-84	0	0	0	0
1571	3-2	0	7.25675487518311	0	0
1572	3-15	0	0	0	0
1573	2-73	8.97029304504395	0	0	0
1574	2-84	0	0	0	0
1575	2-95	0	6.01207971572876	0	0
1576	2-69	0	0	41.6356086730957	0
1577	4-62	0	0	0	0
1578	2-71	0	0	0	0
1579	3-39	0	6.95175743103027	0	0
1580	4-62	0	0	0	0
1581	4-37a	0	0	0	0
1582	2-53	0	0	0	0
1583	2-25	0	0	0	0
1584	2-52	0	0	0	0
1585	3-50	0	0	0	0
1586	2-55	0	0	0	0
1587	2-82	0	0	0	0
1588	4-60	6.56849718093872	0	0	0
1589	3-36	0	7.36693334579468	0	0
1590	2-83	0	0	0	0
1591	3-21	76.6854705810547	0	0	0
1592	3-7	0	6.84056329727173	0	0
1593	3-6	0	7.13228368759155	0	0
1594	3-46	0	0	0	0
1595	2-76	0	0	0	0
1596	2-82	0	0	0	0
1597	2-86	0	0	0	0
1598	3-26	19.6531105041504	15.6250514984131	0	0
1599	2-43	0	0	0	0
1600	4-39	0	0	0	0
1601	2-32	0	0	0	0
1602	4-16	0	0	0	0
1603	2-51	0	3.13395881652832	0	0
1604	2-79	0	0	0	0
1605	2-37	0	0	0	0
1606	2-100	0	0	0	0
1607	2-93	0	0	0	0
1608	3-12	0	0	0	0
1609	2-84	0	0	0	0
1610	4-49	0	0	0	0
1611	2-38	6.5347728729248	0	0	0
1612	4-29	2.84819436073303	0	0	0
1613	4-27	0	0	0	0
1614	3-12	0	0	0	0
1615	2-36	0	0	0	0
1616	2-66	0	0	0	0
1617	3-11	0	0	0	0
1618	3-21	86.1380920410156	0	0	0
1619	4-2	6.64180994033813	0	0	0
1620	3-50	0	0	0	0
1621	3-25	20.5292892456055	15.9558944702148	0	0
1622	4-60	6.63521766662598	0	0	0
1623	3-30	2.37315988540649	0	0	0
1624	4-20	3.66904449462891	0	0	0
1625	2-5	0	0	0	0
1626	2-87	0	0	0	0
1627	3-6	0	7.2179913520813	0	0
1628	2-81	0	0	0	0
1629	2-84	0	0	0	0
1630	2-94	0	3.11886239051819	0	0
1631	2-79	0	0	0	0
1632	3-25	20.3736343383789	15.8808784484863	0	0
1633	4-46	7.89413690567017	9.3743782043457	0	0
1634	3-46	0	0	0	0
1635	2-54	0	0	0	0
1636	4-41	0	0	0	0
1637	2-25	0	0	0	0
1638	3-49	0	0	0	0
1639	2-43	0	0	0	0
1640	2-67	0	0	0	0
1641	4-43	73.5316390991211	0	0	0
1642	2-86	0	0	0	0
1643	2-86	0	0	0	0
1644	2-67	0	0	0	0
1645	3-21	83.3007202148438	0	0	0
1646	3-41	0	6.1419882774353	0	0
1647	4-6	0	0	0	0
1648	2-73	10.1117696762085	0	0	0
1649	2-96	0	3.18818879127502	0	0
1650	4-41	0	0	0	0
1651	3-26	19.1497039794922	15.4007663726807	0	0
1652	2-44	0	0	0	0
1653	2-98	7.53152704238892	20.8959350585938	0	0
1654	2-38	6.5578236579895	0	0	0
1655	4-3a	0	0	0	0
1656	2-35	6.53316831588745	0	0	0
1657	3-52	0	0	0	0
1658	2-79	0	0	0	0
1659	3-21	80.6674041748047	0	0	0
1660	2-90	0	0	0	0
1661	3-45	0	0	0	0
1662	3-15	0	0	0	0
1663	2-70	0	0	0	0
1664	3-26	18.6625785827637	15.1621894836426	0	0
1665	3-17	0	0	0	0
1666	3-49	0	0	0	0
1667	3-21	76.5195388793945	0	0	0
1668	2-36	0	0	0	0
1669	3-45	0	0	0	0
1670	3-45	0	0	0	0
1671	3-21	73.8170471191406	0	0	0
1672	4-20	2.94359183311462	0	0	0
1673	4-49	0	0	0	0
1674	3-31	0	0	0	0
1675	3-21	85.4852447509766	0	0	0
1676	3-21	69.8422164916992	0	0	0
1677	3-54	0	0	0	0
1678	3-26	19.0254192352295	14.5910959243774	0	0
1679	3-35	2.37182092666626	23.9636936187744	0	0
1680	2-76	0	0	0	0
1681	2-36	0	0	0	0
1682	2-42	0	0	0	0
1683	2-93	0	0	0	0
1684	2-60	0	0	0	0
1685	3-10	0	0	0	0
1686	2-42	0	0	0	0
1687	2-76	0	0	0	0
1688	4-3	0	0	0	0
1689	4-27	0	0	0	0
1690	Chloramphenicol	6.48757982254028	0	0	0
1691	3-40	0	7.1940655708313	0	0
1692	2-85	0	0	0	0
1693	2-68	0	0	0	0
1694	3-48	0	0	0	0
1695	2-84	0	0	0	0
1696	2-82	0	0	0	0
1697	2-86	0	0	0	0
1698	2-75	0	0	0	0
1699	2-73	8.81402206420898	0	0	0
1700	3-36	0	7.219482421875	0	0
1701	2-33	0	0	0	0
1702	2-36	0	0	0	0
1703	3-26	17.9567756652832	14.8905353546143	0	0
1704	3-25	20.2445545196533	15.7043199539185	0	0
1705	3-45	0	0	0	0
1706	2-68	0	0	0	0
1707	2-3	0	0	0	0
1708	2-97	11.8401136398315	32.1347579956055	0	0
1709	2-67	0	0	0	0
1710	3-49	0	0	0	0
1711	3-10	0	0	0	0
1712	4-50	0	7.35345697402954	0	0
1713	2-45	2.37218475341797	0	0	0
1714	3-35	2.36998796463013	21.2983341217041	0	0
1715	2-71	0	0	0	0
1716	4-29	3.6012134552002	0	0	0
1717	2-43	0	0	0	0
1718	4-50	0	6.90197896957397	0	0
1719	2-94	0	3.21675539016724	0	0
1720	2-70	0	0	0	0
1721	3-15	0	0	0	0
1722	2-27	0	0	0	0
1723	4-27	0	0	0	0
1724	2-96	0	3.13800644874573	0	0
1725	2-93	0	0	0	0
1726	3-11	0	0	0	0
1727	4-27	0	0	0	0
1728	2-16	0	0	0	0
1729	4-17	0	0	0	0
1730	2-88	0	0	0	0
1731	3-36	0	6.36849784851074	0	0
1732	4-62	0	0	0	0
1733	2-64	3.48258066177368	0	0	0
1734	2-67	0	0	0	0
1735	3-35	2.37199711799622	23.8915863037109	0	0
1736	2-52	0	0	0	0
1737	2-49	0	0	0	0
1738	2-25	0	0	0	0
1739	2-97	16.1110439300537	34.3790969848633	0	0
1740	Ampcillin	13.2945623397827	11.5223989486694	0	0
1741	4-52	6.47391700744629	0	0	0
1742	2-44	0	0	0	0
1743	4-31	19.6282062530518	10.2087802886963	0	0
1744	2-27	0	0	0	0
1745	2-81	0	0	0	0
1746	2-93	0	0	0	0
1747	2-76	0	0	0	0
1748	4-49	0	0	0	0
1749	3-49	0	0	0	0
1750	2-60	0	0	0	0
1751	2-44	0	0	0	0
1752	2-35	6.51655340194702	0	0	0
1753	3-12	0	0	0	0
1754	2-36	0	0	0	0
1755	2-43	0	0	0	0
1756	2-57	0	0	0	0
1757	2-60	0	0	0	0
1758	2-47	0	0	0	0
1759	2-93	0	0	0	0
1760	2-71	0	0	0	0
1761	2-85	0	0	0	0
1762	4-52	6.48861742019653	0	0	0
1763	4-49	0	0	0	0
1764	2-80	0	0	0	0
1765	2-87	0	0	0	0
1766	3-50	0	0	0	0
1767	4-2	6.62727737426758	0	0	0
1768	2-81	0	0	0	0
1769	4-6	0	0	0	0
1770	2-61	0	0	0	0
1771	3-49	0	0	0	0
1772	2-98	7.20694065093994	21.2346534729004	0	0
1773	3-12	0	0	0	0
1774	2-38	6.55802631378174	0	0	0
1775	2-65	0	0	0	0
1776	4-37a	0	0	0	0
1777	3-35	2.3715922832489	23.039966583252	0	0
1778	4-17	0	0	0	0
1779	2-90	0	0	0	0
1780	2-85	0	0	0	0
1781	2-46	0	0	0	0
1782	4-37a	0	0	0	0
1783	3-9	0	0	0	0
1784	2-80	0	0	0	0
1785	2-3	0	0	0	0
1786	2-29	0	0	0	0
1787	3-7	0	7.06392574310303	0	0
1788	4-49	0	0	0	0
1789	2-83	0	0	0	0
1790	3-44	0	0	0	0
1791	3-10	0	0	0	0
1792	2-32	0	0	0	0
1793	2-81	0	0	0	0
1794	3-50	0	0	0	0
1795	2-32	0	0	0	0
1796	Chloramphenicol	6.4012451171875	0	0	0
1797	2-43	0	0	0	0
1798	2-36	0	0	0	0
1799	2-44	0	0	0	0
1800	3-15	0	0	0	0
1801	2-42	0	0	0	0
1802	2-78	9.00397396087646	0	0	0
1803	3-7	0	6.83622884750366	0	0
1804	2-47	0	0	0	0
1805	2-34	5.77627754211426	0	0	0
1806	2-57	0	0	0	0
1807	3-11	0	0	0	0
1808	3-15	0	0	0	0
1809	3-50	0	0	0	0
1810	2-61	0	0	0	0
1811	2-87	0	0	0	0
1812	4-55a	7.40971231460571	0	0	0
1813	2-65	0	0	0	0
1814	3-12	0	0	0	0
1815	3-48	0	0	0	0
1816	2-16	0	0	0	0
1817	2-44	0	0	0	0
1818	4-55a	8.12870025634766	0	0	0
1819	2-67	0	0	0	0
1820	2-70	0	0	0	0
1821	3-29	0	0	0	0
1822	3-17	0	0	0	0
1823	2-45	2.37199091911316	0	0	0
1824	4-60	6.58743524551392	0	0	0
1825	2-58	0	0	0	0
1826	4-16	0	0	0	0
1827	4-41	0	0	0	0
1828	3-41	0	7.29450750350952	0	0
1829	4-51	7.09702396392822	0	0	0
1830	2-54	0	0	0	0
1831	2-84	0	0	0	0
1832	3-25	19.8877639770508	15.6072111129761	0	0
1833	2-88	0	0	0	0
1834	2-80	0	0	0	0
1835	4-62	0	0	0	0
1836	3-43	2.37145352363586	0	0	0
1837	3-29	0	0	0	0
1838	2-22	0	0	0	0
1839	2-76	0	0	0	0
1840	2-46	0	0	0	0
1841	2-81	0	0	0	0
1842	3-5	0	7.24026393890381	0	0
1843	3-43	2.37227535247803	0	0	0
1844	4-62	0	0	0	0
1845	4-16	0	0	0	0
1846	3-43	2.37135767936707	0	0	0
1847	3-10	0	0	0	0
1848	2-51	0	3.89946603775024	0	0
1849	2-38	6.55472612380981	0	0	0
1850	2-73	7.81475496292114	0	0	0
1851	2-46	0	0	0	0
1852	4-9	0	0	0	0
1853	4-55a	5.88061094284058	0	0	0
1854	2-85	0	0	0	0
1855	4-20	3.12715530395508	0	0	0
1856	3-41	0	7.36841297149658	0	0
1857	2-97	13.6917352676392	31.8286056518555	0	0
1858	2-29	0	0	0	0
1859	3-46	0	0	0	0
1860	3-36	0	7.39918422698975	0	0
1861	2-42	0	0	0	0
1862	2-79	0	0	0	0
1863	3-10	0	0	0	0
1864	2-44	0	0	0	0
1865	2-45	2.37292957305908	0	0	0
1866	2-10	14.4253072738647	0	0	0
1867	2-42	0	0	0	0
1868	2-78	7.9964861869812	0	0	0
1869	3-9	0	0	0	0
1870	2-76	0	0	0	0
1871	2-64	3.44481015205383	0	0	0
1872	4-27	0	0	0	0
1873	3-9	0	0	0	0
1874	2-88	0	0	0	0
1875	2-81	0	0	0	0
1876	2-92	0	0	0	0
1877	3-15	0	0	0	0
1878	3-25	19.7196655273438	15.5177745819092	0	0
1879	2-67	0	0	0	0
1880	3-40	0	6.91336822509766	0	0
1881	2-67	0	0	0	0
1882	4-62	0	0	0	0
1883	2-37	0	0	0	0
1884	3-12	0	0	0	0
1885	2-46	0	0	0	0
1886	2-22	0	0	0	0
1887	2-27	0	0	0	0
1888	4-49	0	0	0	0
1889	2-52	0	0	0	0
1890	2-29	0	0	0	0
1891	3-12	0	0	0	0
1892	4-31	16.2785034179688	10.3341188430786	0	0
1893	2-60	0	0	0	0
1894	3-19	0	0	0	0
1895	2-68	0	0	0	0
1896	2-56	0	0	0	0
1897	2-27	0	0	0	0
1898	2-98	6.63446044921875	21.278923034668	0	0
1899	4-14	3.09083914756775	0	0	0
1900	3-7	0	6.5885534286499	0	0
1901	2-49	0	0	0	0
1902	2-94	0	3.1098575592041	0	0
1903	2-93	0	0	0	0
1904	3-40	0	6.67929267883301	0	0
1905	2-90	0	0	0	0
1906	2-10	14.2775564193726	0	0	0
1907	2-34	5.77314805984497	0	0	0
1908	2-21	7.8425235748291	0	0	0
1909	4-3a	0	0	0	0
1910	3-45	0	0	0	0
1911	3-5	0	6.48847627639771	0	0
1912	2-22	0	0	0	0
1913	3-35	2.36688280105591	21.11572265625	0	0
1914	3-6	0	7.24573040008545	0	0
1915	2-63	11.1250982284546	0	0	0
1916	3-19	0	0	0	0
1917	2-86	0	0	0	0
1918	4-14	3.14783787727356	0	0	0
1919	2-48	0	0	0	0
1920	2-98	9.37079429626465	22.8206653594971	0	0
1921	4-50	0	7.3887619972229	0	0
1922	4-20	2.9210102558136	0	0	0
1923	2-58	0	0	0	0
1924	2-93	0	0	0	0
1925	2-32	0	0	0	0
1926	4-29	3.77719116210938	0	0	0
1927	3-36	0	6.98330593109131	0	0
1928	3-35	2.37038660049438	22.1609649658203	0	0
1929	3-41	0	7.13778305053711	0	0
1930	2-47	0	0	0	0
1931	3-7	0	6.54933547973633	0	0
1932	3-25	20.8180351257324	15.9229640960693	0	0
1933	3-15	0	0	0	0
1934	2-37	0	0	0	0
1935	4-9	0	0	0	0
1936	3-11	0	0	0	0
1937	3-11	0	0	0	0
1938	4-27	0	0	0	0
1939	4-12	0	0	0	0
1940	3-6	0	7.53762149810791	0	0
1941	3-49	0	0	0	0
1942	2-83	0	0	0	0
1943	3-48	0	0	0	0
1944	3-37	0	0	0	0
1945	2-67	0	0	0	0
1946	2-67	0	0	0	0
1947	3-40	0	7.31969547271729	0	0
1948	2-27	0	0	0	0
1949	2-88	0	0	0	0
1950	2-88	0	0	0	0
1951	2-23	0	0	0	0
1952	2-63	12.8295040130615	0	0	0
1953	2-90	0	0	0	0
1954	2-39	4.56986618041992	0	0	0
1955	3-12	0	0	0	0
1956	3-35	2.37225008010864	22.4843940734863	0	0
1957	3-44	0	0	0	0
1958	2-33	0	0	0	0
1959	2-42	0	0	0	0
1960	3-48	0	0	0	0
1961	2-46	0	0	0	0
1962	2-38	6.54590511322021	0	0	0
1963	4-27	0	0	0	0
1964	4-49	0	0	0	0
1965	2-52	0	0	0	0
1966	3-45	0	0	0	0
1967	2-78	7.42875909805298	0	0	0
1968	4-18	0	0	0	0
1969	3-10	0	0	0	0
1970	2-30	5.11157846450806	0	0	0
1971	2-87	0	0	0	0
1972	2-43	0	0	0	0
1973	3-45	0	0	0	0
1974	2-25	0	0	0	0
1975	4-62	0	0	0	0
1976	2-70	0	0	0	0
1977	2-82	0	0	0	0
1978	2-61	0	0	0	0
1979	2-48	0	0	0	0
1980	2-97	17.0660991668701	35.957649230957	0	0
1981	2-74	0	0	0	0
1982	4-29	2.80985498428345	0	0	0
1983	3-35	2.36933922767639	24.0991764068604	0	0
1984	3-43	2.37142109870911	0	0	0
1985	2-67	0	0	0	0
1986	3-46	0	0	0	0
1987	2-51	0	3.23078966140747	0	0
1988	4-27	0	0	0	0
1989	2-78	9.90149307250977	0	0	0
1990	2-74	0	0	0	0
1991	2-87	0	0	0	0
1992	3-41	0	7.30736827850342	0	0
1993	3-45	0	0	0	0
1994	2-40	0	0	0	0
1995	3-5	0	6.53837108612061	0	0
1996	2-22	0	0	0	0
1997	3-15	0	0	0	0
1998	2-40	0	0	0	0
1999	3-25	19.5286388397217	15.5882244110107	0	0
2000	2-43	0	0	0	0
2001	3-19	0	0	0	0
2002	3-45	0	0	0	0
2003	2-83	0	0	0	0
2004	2-92	0	0	0	0
2005	2-98	9.12378787994385	24.0290813446045	0	0
2006	3-10	0	0	0	0
2007	2-97	15.2858219146729	33.7224502563477	0	0
2008	3-48	0	0	0	0
2009	3-15	0	0	0	0
2010	2-51	0	3.90514135360718	0	0
2011	2-57	0	0	0	0
2012	2-69	0	0	42.1163711547852	0
2013	2-38	6.54557991027832	0	0	0
2014	2-70	0	0	0	0
2015	2-52	0	0	0	0
2016	3-11	0	0	0	0
2017	2-60	0	0	0	0
2018	2-49	0	0	0	0
2019	2-98	8.99904632568359	21.93430519104	0	0
2020	4-55a	7.82449674606323	0	0	0
2021	2-85	0	0	0	0
2022	2-34	5.77552366256714	0	0	0
2023	3-54	0	0	0	0
2024	2-22	0	0	0	0
2025	2-27	0	0	0	0
2026	2-10	14.4319181442261	0	0	0
2027	2-34	5.75931024551392	0	0	0
2028	4-47	2.93359470367432	0	0	0
2029	4-60	6.57641172409058	0	0	0
2030	2-81	0	0	0	0
2031	4-63	0	0	0	0
2032	2-49	0	0	0	0
2033	2-25	0	0	0	0
2034	3-6	0	6.4774923324585	0	0
2035	2-92	0	0	0	0
2036	2-76	0	0	0	0
2037	4-51	9.79579639434814	0	0	0
2038	3-44	0	0	0	0
2039	3-17	0	0	0	0
2040	4-59	0	0	0	0
2041	2-23	0	0	0	0
2042	2-22	0	0	0	0
2043	2-45	2.37085270881653	0	0	0
2044	3-40	0	6.5848593711853	0	0
2045	3-10	0	0	0	0
2046	4-31	19.9974632263184	10.0403318405151	0	0
2047	2-28	0	0	0	0
2048	2-68	0	0	0	0
2049	4-51	9.71436786651611	0	0	0
2050	2-90	0	0	0	0
2051	2-40	0	0	0	0
2052	3-37	0	0	0	0
2053	2-29	0	0	0	0
2054	3-53	0	0	0	0
2055	2-87	0	0	0	0
2056	2-29	0	0	0	0
2057	2-82	0	0	0	0
2058	2-60	0	0	0	0
2059	2-46	0	0	0	0
2060	2-51	0	3.89006280899048	0	0
2061	3-5	0	6.59538269042969	0	0
2062	2-84	0	0	0	0
2063	3-37	0	0	0	0
2064	4-9	0	0	0	0
2065	2-87	0	0	0	0
2066	2-92	0	0	0	0
2067	2-10	14.4499750137329	0	0	0
2068	2-48	0	0	0	0
2069	2-49	0	0	0	0
2070	2-45	2.37020182609558	0	0	0
2071	3-53	0	0	0	0
2072	3-31	0	0	0	0
2073	3-45	0	0	0	0
2074	3-37	0	0	0	0
2075	2-60	0	0	0	0
2076	2-75	0	0	0	0
2077	4-20	3.72780513763428	0	0	0
2078	2-76	0	0	0	0
2079	4-29	3.12699365615845	0	0	0
2080	3-19	0	0	0	0
2081	2-82	0	0	0	0
2082	3-43	2.37486147880554	0	0	0
2083	2-88	0	0	0	0
2084	2-48	0	0	0	0
2085	3-43	2.37094330787659	0	0	0
2086	3-25	18.7459831237793	15.1792345046997	0	0
2087	3-12	0	0	0	0
2088	2-51	0	3.98400378227234	0	0
2089	4-46	7.54265308380127	8.90054416656494	0	0
2090	2-29	0	0	0	0
2091	4-62	0	0	0	0
2092	2-83	0	0	0	0
2093	2-69	0	0	41.8667068481445	0
2094	2-3	0	0	0	0
2095	3-46	0	0	0	0
2096	2-88	0	0	0	0
2097	2-23	0	0	0	0
2098	2-51	0	4.10699844360352	0	0
2099	4-49	0	0	0	0
2100	2-67	0	0	0	0
2101	2-47	0	0	0	0
2102	2-49	0	0	0	0
2103	3-10	0	0	0	0
2104	2-48	0	0	0	0
2105	2-66	0	0	0	0
2106	3-19	0	0	0	0
2107	3-2	0	6.57071161270142	0	0
2108	4-3a	0	0	0	0
2109	4-20	3.68751955032349	0	0	0
2110	2-84	0	0	0	0
2111	3-49	0	0	0	0
2112	3-35	2.37356305122375	22.5356006622314	0	0
2113	2-64	3.43469309806824	0	0	0
2114	2-50	0	0	0	0
2115	4-63	0	0	0	0
2116	2-83	0	0	0	0
2117	2-68	0	0	0	0
2118	3-43	2.37127184867859	0	0	0
2119	3-44	0	0	0	0
2120	4-28	3.00395369529724	0	0	0
2121	3-9	0	0	0	0
2122	4-6	0	0	0	0
2123	4-31	19.5071220397949	10.1892852783203	0	0
2124	4-51	8.22386741638184	0	0	0
2125	3-52	0	0	0	0
2126	3-15	0	0	0	0
2127	3-6	0	7.2614631652832	0	0
2128	4-59	0	0	0	0
2129	2-27	0	0	0	0
2130	3-15	0	0	0	0
2131	2-69	0	0	47.2987518310547	0
2132	2-57	0	0	0	0
2133	3-10	0	0	0	0
2134	2-76	0	0	0	0
2135	3-12	0	0	0	0
2136	2-87	0	0	0	0
2137	2-33	0	0	0	0
2138	4-49	0	0	0	0
2139	4-47	2.94098258018494	0	0	0
2140	2-88	0	0	0	0
2141	4-55a	8.54652786254883	0	0	0
2142	2-29	0	0	0	0
2143	4-9	0	0	0	0
2144	2-93	0	0	0	0
2145	3-26	21.555965423584	16.1605396270752	0	0
2146	2-80	0	0	0	0
2147	3-7	0	6.56247568130493	0	0
2148	3-52	0	0	0	0
2149	2-57	0	0	0	0
2150	2-35	6.5419487953186	0	0	0
2151	2-73	8.65736293792725	0	0	0
2152	2-86	0	0	0	0
2153	3-53	0	0	0	0
2154	2-23	0	0	0	0
2155	2-48	0	0	0	0
2156	3-40	0	6.45660495758057	0	0
2157	4-41	0	0	0	0
2158	2-51	0	3.32292914390564	0	0
2159	2-27	0	0	0	0
2160	2-50	0	0	0	0
2161	2-85	0	0	0	0
2162	4-41	0	0	0	0
2163	2-79	0	0	0	0
2164	3-35	2.36939573287964	24.4233169555664	0	0
2165	2-69	0	0	46.7043952941895	0
2166	3-54	0	0	0	0
2167	2-27	0	0	0	0
2168	2-28	0	0	0	0
2169	2-35	6.54381561279297	0	0	0
2170	3-43	2.37400579452515	0	0	0
2171	2-48	0	0	0	0
2172	3-48	0	0	0	0
2173	2-66	0	0	0	0
2174	3-46	0	0	0	0
2175	2-69	0	0	41.6671676635742	0
2176	3-26	19.1657466888428	15.314001083374	0	0
2177	2-61	0	0	0	0
2178	3-41	0	6.65099382400513	0	0
2179	3-48	0	0	0	0
2180	3-54	0	0	0	0
2181	2-83	0	0	0	0
2182	2-92	0	0	0	0
2183	2-93	0	0	0	0
2184	3-52	0	0	0	0
2185	4-2	6.6414737701416	0	0	0
2186	4-51	8.25591278076172	0	0	0
2187	2-57	0	0	0	0
2188	2-28	0	0	0	0
2189	4-63	0	0	0	0
2190	2-85	0	0	0	0
2191	2-97	9.69156742095947	32.9525108337402	0	0
2192	2-98	7.40216302871704	21.0235977172852	0	0
2193	2-32	0	0	0	0
2194	3-5	0	6.6073751449585	0	0
2195	3-26	18.9148826599121	15.0505933761597	0	0
2196	4-27	0	0	0	0
2197	3-9	0	0	0	0
2198	2-50	0	0	0	0
2199	2-88	0	0	0	0
2200	2-16	0	0	0	0
2201	2-44	0	0	0	0
2202	2-80	0	0	0	0
2203	4-29	2.79493856430054	0	0	0
2204	2-66	0	0	0	0
2205	3-37	0	0	0	0
2206	3-54	0	0	0	0
2207	4-20	3.84585380554199	0	0	0
2208	2-45	2.37217259407043	0	0	0
2209	4-29	2.82299399375916	0	0	0
2210	2-32	0	0	0	0
2211	3-7	0	7.16387844085693	0	0
2212	2-57	0	0	0	0
2213	3-31	0	0	0	0
2214	4-47	3.75396084785461	0	0	0
2215	2-46	0	0	0	0
2216	3-7	0	6.595543384552	0	0
2217	3-11	0	0	0	0
2218	2-82	0	0	0	0
2219	2-45	2.37165236473084	0	0	0
2220	3-7	0	7.37523460388184	0	0
2221	3-52	0	0	0	0
2222	2-51	0	3.99140906333923	0	0
2223	3-7	0	7.40050029754639	0	0
2224	3-43	2.37571930885315	0	0	0
2225	4-20	3.74282479286194	0	0	0
2226	3-9	0	0	0	0
2227	2-88	0	0	0	0
2228	4-27	0	0	0	0
2229	2-60	0	0	0	0
2230	3-9	0	0	0	0
2231	4-27	0	0	0	0
2232	3-7	0	6.89792919158936	0	0
2233	2-38	6.5302300453186	0	0	0
2234	2-65	0	0	0	0
2235	2-57	0	0	0	0
2236	3-6	0	7.07434129714966	0	0
2237	3-11	0	0	0	0
2238	2-23	0	0	0	0
2239	2-88	0	0	0	0
2240	3-31	0	0	0	0
2241	3-9	0	0	0	0
2242	2-35	6.5302300453186	0	0	0
2243	Chloramphenicol	6.26685047149658	0	0	0
2244	2-78	8.51118564605713	0	0	0
2245	3-54	0	0	0	0
2246	2-45	2.37425565719604	0	0	0
2247	2-29	0	0	0	0
2248	3-12	0	0	0	0
2249	3-41	0	6.76747751235962	0	0
2250	4-41	0	0	0	0
2251	2-40	0	0	0	0
2252	2-85	0	0	0	0
2253	2-88	0	0	0	0
2254	2-66	0	0	0	0
2255	3-25	19.7902946472168	15.547269821167	0	0
2256	4-29	2.91078281402588	0	0	0
2257	2-64	3.42909240722656	0	0	0
2258	2-81	0	0	0	0
2259	3-43	2.36580848693848	0	0	0
2260	3-26	19.4813842773438	15.5984697341919	0	0
2261	2-86	0	0	0	0
2262	2-60	0	0	0	0
2263	4-46	7.84520387649536	8.84934139251709	0	0
2264	4-49	0	0	0	0
2265	2-90	0	0	0	0
2266	3-10	0	0	0	0
2267	2-74	0	0	0	0
2268	2-66	0	0	0	0
2269	3-52	0	0	0	0
2270	2-82	0	0	0	0
2271	2-40	0	0	0	0
2272	3-53	0	0	0	0
2273	2-43	0	0	0	0
2274	2-57	0	0	0	0
2275	3-52	0	0	0	0
2276	4-20	3.18634796142578	0	0	0
2277	3-36	0	7.36418867111206	0	0
2278	2-40	0	0	0	0
2279	2-92	0	0	0	0
2280	2-64	3.43643045425415	0	0	0
2281	2-50	0	0	0	0
2282	3-46	0	0	0	0
2283	Chloramphenicol	6.59734058380127	0	0	0
2284	2-84	0	0	0	0
2285	2-82	0	0	0	0
2286	2-69	0	0	41.414665222168	0
2287	3-7	0	7.01680707931519	0	0
2288	2-85	0	0	0	0
2289	3-31	0	0	0	0
2290	2-22	0	0	0	0
2291	2-87	0	0	0	0
2292	2-52	0	0	0	0
2293	2-82	0	0	0	0
2294	2-66	0	0	0	0
2295	2-97	15.0999069213867	33.3064613342285	0	0
2296	2-57	0	0	0	0
2297	3-7	0	6.79723215103149	0	0
2298	2-83	0	0	0	0
2299	3-11	0	0	0	0
2300	2-32	0	0	0	0
2301	2-38	6.50337266921997	0	0	0
2302	3-35	2.37303638458252	22.1588382720947	0	0
2303	4-47	3.76363825798035	0	0	0
2304	2-64	3.44930291175842	0	0	0
2305	4-2	6.63726711273193	0	0	0
2306	2-10	14.4628057479858	0	0	0
2307	2-28	0	0	0	0
2308	3-25	19.4749221801758	15.3605527877808	0	0
2309	2-93	0	0	0	0
2310	2-48	0	0	0	0
2311	3-53	0	0	0	0
2312	2-40	0	0	0	0
2313	2-45	2.37146782875061	0	0	0
2314	2-48	0	0	0	0
2315	4-20	3.78140902519226	0	0	0
2316	3-17	0	0	0	0
2317	2-42	0	0	0	0
2318	2-29	0	0	0	0
2319	2-40	0	0	0	0
2320	2-29	0	0	0	0
2321	3-48	0	0	0	0
2322	3-12	0	0	0	0
2323	2-33	0	0	0	0
2324	2-28	0	0	0	0
2325	3-43	2.37104368209839	0	0	0
2326	3-5	0	7.3709511756897	0	0
2327	4-29	2.79226779937744	0	0	0
2328	2-69	0	0	47.6565742492676	0
2329	3-49	0	0	0	0
2330	2-51	0	4.03972387313843	0	0
2331	3-48	0	0	0	0
2332	2-23	0	0	0	0
2333	4-59	0	0	0	0
2334	2-35	6.53699731826782	0	0	0
2335	2-10	14.3857927322388	0	0	0
2336	2-68	0	0	0	0
2337	3-46	0	0	0	0
2338	2-80	0	0	0	0
2339	3-12	0	0	0	0
2340	2-35	6.5312819480896	0	0	0
2341	2-60	0	0	0	0
2342	4-62	0	0	0	0
2343	2-82	0	0	0	0
2344	2-61	0	0	0	0
2345	4-51	9.56534957885742	0	0	0
2346	2-80	0	0	0	0
2347	2-10	14.2624549865723	0	0	0
2348	2-50	0	0	0	0
2349	2-43	0	0	0	0
2350	3-37	0	0	0	0
2351	3-11	0	0	0	0
2352	2-44	0	0	0	0
2353	4-47	2.91691589355469	0	0	0
2354	4-29	2.8249180316925	0	0	0
2355	2-29	0	0	0	0
2356	3-6	0	7.50019931793213	0	0
2357	4-29	2.90528702735901	0	0	0
2358	4-41	0	0	0	0
2359	4-51	6.69145917892456	0	0	0
2360	4-27	0	0	0	0
2361	2-25	0	0	0	0
2362	2-57	0	0	0	0
2363	3-48	0	0	0	0
2364	2-27	0	0	0	0
2365	2-34	5.79032754898071	0	0	0
2366	2-56	0	0	0	0
2367	2-43	0	0	0	0
2368	2-57	0	0	0	0
2369	4-63	0	0	0	0
2370	4-16	0	0	0	0
2371	3-26	19.1743640899658	15.2561225891113	0	0
2372	3-6	0	7.47590780258179	0	0
2373	3-48	0	0	0	0
2374	2-57	0	0	0	0
2375	2-80	0	0	0	0
2376	2-27	0	0	0	0
2377	2-47	0	0	0	0
2378	3-52	0	0	0	0
2379	3-49	0	0	0	0
2380	2-40	0	0	0	0
2381	2-80	0	0	0	0
2382	4-51	7.83650636672974	0	0	0
2383	3-43	2.37105941772461	0	0	0
2384	4-20	3.25108051300049	0	0	0
2385	4-63	0	0	0	0
2386	2-32	0	0	0	0
2387	3-6	0	6.89946985244751	0	0
2388	2-28	0	0	0	0
2389	2-10	14.5583248138428	0	0	0
2390	3-52	0	0	0	0
2391	3-5	0	6.49310827255249	0	0
2392	2-74	0	0	0	0
2393	4-49	0	0	0	0
2394	3-49	0	0	0	0
2395	2-83	0	0	0	0
2396	3-19	0	0	0	0
2397	2-93	0	0	0	0
2398	3-19	0	0	0	0
2399	3-11	0	0	0	0
2400	2-66	0	0	0	0
2401	3-52	0	0	0	0
2402	2-68	0	0	0	0
2403	2-83	0	0	0	0
2404	3-36	0	6.7914867401123	0	0
2405	4-59	0	0	0	0
2406	2-45	2.3700897693634	0	0	0
2407	2-40	0	0	0	0
2408	2-69	0	0	46.834300994873	0
2409	2-35	6.55856895446777	0	0	0
2410	2-29	0	0	0	0
2411	2-80	0	0	0	0
2412	2-79	0	0	0	0
2413	3-25	20.3071060180664	15.8000144958496	0	0
2414	3-46	0	0	0	0
2415	4-41	0	0	0	0
2416	3-52	0	0	0	0
2417	4-20	2.93811249732971	0	0	0
2418	2-22	0	0	0	0
2419	4-51	8.0921459197998	0	0	0
2420	2-42	0	0	0	0
2421	2-48	0	0	0	0
2422	4-59	0	0	0	0
2423	2-57	0	0	0	0
2424	3-19	0	0	0	0
2425	3-10	0	0	0	0
2426	3-19	0	0	0	0
2427	2-69	0	0	47.3352928161621	0
2428	3-19	0	0	0	0
2429	3-46	0	0	0	0
2430	4-29	2.8470139503479	0	0	0
2431	2-32	0	0	0	0
2432	2-32	0	0	0	0
2433	2-80	0	0	0	0
2434	2-46	0	0	0	0
2435	4-44	13.3233776092529	0	0	0
2436	4-57	0	4.08043241500854	0	0
2437	3-30	2.37427449226379	0	0	0
2438	4-57	0	4.10040521621704	0	0
2439	3-52	0	0	0	0
2440	3-53	0	0	0	0
2441	3-25	19.5584392547607	15.435001373291	0	0
2442	2-74	0	0	0	0
2443	4-63	0	0	0	0
2444	4-63	0	0	0	0
2445	3-5	0	7.17287635803223	0	0
2446	2-80	0	0	0	0
2447	2-10	14.2518787384033	0	0	0
2448	4-63	0	0	0	0
2449	2-45	2.37149930000305	0	0	0
2450	3-37	0	0	0	0
2451	2-69	0	0	44.3160095214844	0
2452	3-36	0	6.98108339309692	0	0
2453	2-51	0	4.06162595748901	0	0
2454	4-51	8.0632209777832	0	0	0
2455	3-6	0	6.9676079750061	0	0
2456	3-53	0	0	0	0
2457	2-74	0	0	0	0
2458	3-49	0	0	0	0
2459	2-80	0	0	0	0
2460	4-59	0	0	0	0
2461	4-44	15.3129968643188	0	0	0
2462	4-51	8.34100246429443	0	0	0
2463	2-35	6.55461502075195	0	0	0
2464	2-28	0	0	0	0
2465	2-80	0	0	0	0
2466	3-37	0	0	0	0
2467	2-66	0	0	0	0
2468	4-51	9.70934772491455	0	0	0
2469	4-63	0	0	0	0
2470	3-11	0	0	0	0
2471	2-92	0	0	0	0
2472	2-74	0	0	0	0
2473	2-27	0	0	0	0
2474	2-46	0	0	0	0
2475	2-28	0	0	0	0
2476	4-14	2.95182132720947	0	0	0
2477	4-41	0	0	0	0
2478	3-5	0	7.07772922515869	0	0
2479	3-43	2.3720281124115	0	0	0
2480	2-28	0	0	0	0
2481	3-19	0	0	0	0
2482	2-74	0	0	0	0
2483	2-92	0	0	0	0
2484	2-66	0	0	0	0
2485	3-48	0	0	0	0
2486	4-14	3.29819965362549	0	0	0
2487	2-69	0	0	42.4128074645996	0
2488	4-51	8.34028911590576	0	0	0
2489	4-44	13.5903463363647	0	0	0
2490	3-6	0	7.1097526550293	0	0
2491	2-93	0	0	0	0
2492	4-59	0	0	0	0
2493	2-50	0	0	0	0
2494	2-40	0	0	0	0
2495	2-10	14.1744146347046	0	0	0
2496	4-59	0	0	0	0
2497	2-10	14.4591302871704	0	0	0
2498	4-16	0	0	0	0
2499	4-51	8.21459865570068	0	0	0
2500	4-63	0	0	0	0
2501	2-92	0	0	0	0
2502	2-66	0	0	0	0
2503	2-50	0	0	0	0
2504	4-44	13.5689764022827	0	0	0
2505	2-48	0	0	0	0
2506	4-62	0	0	0	0
2507	2-69	0	0	43.789966583252	0
2508	2-50	0	0	0	0
2509	3-48	0	0	0	0
2510	4-29	2.81896567344666	0	0	0
2511	2-48	0	0	0	0
2512	4-37a	0	0	0	0
2513	4-31	20.9516143798828	10.6499700546265	0	0
2514	2-69	0	0	41.858097076416	0
2515	Chloramphenicol	5.96412086486816	0	0	0
2516	4-59	0	0	0	0
2517	2-69	0	0	42.2736167907715	0
2518	2-10	14.3298225402832	0	0	0
2519	2-74	0	0	0	0
2520	3-43	2.3721079826355	0	0	0
2521	4-9	0	0	0	0
2522	2-28	0	0	0	0
2523	4-59	0	0	0	0
2524	3-6	0	7.236976146698	0	0
2525	4-41	0	0	0	0
2526	3-37	0	0	0	0
2527	2-92	0	0	0	0
2528	4-14	2.90254974365234	0	0	0
2529	2-66	0	0	0	0
2530	2-28	0	0	0	0
2531	2-92	0	0	0	0
2532	2-93	0	0	0	0
2533	2-28	0	0	0	0
2534	2-28	0	0	0	0
2535	4-63	0	0	0	0
2536	4-46	7.37492752075195	8.8988733291626	0	0
2537	4-59	0	0	0	0
2538	2-74	0	0	0	0
2539	4-9	0	0	0	0
2540	3-43	2.37319302558899	0	0	0
2541	2-28	0	0	0	0
2542	2-80	0	0	0	0
2543	4-16	0	0	0	0
2544	4-31	18.5394725799561	9.87928009033203	0	0
2545	2-70	0	0	0	0
2546	4-37a	0	0	0	0
2547	4-59	0	0	0	0
2548	4-57	0	3.55155348777771	0	0
2549	4-46	7.05041074752808	8.18821239471436	0	0
2550	4-57	0	4.12989473342896	0	0
2551	4-37a	0	0	0	0
2552	4-37a	0	0	0	0
2553	4-31	18.432035446167	10.3428659439087	0	0
2554	4-57	0	4.09760713577271	0	0
2555	4-46	7.65608787536621	9.10348701477051	0	0
2556	4-16	0	0	0	0
2557	4-16	0	0	0	0
2558	4-46	6.71029138565063	7.99915361404419	0	0
2559	4-46	7.84246444702148	8.57283878326416	0	0
2560	4-37a	0	0	0	0
2561	4-46	7.39853572845459	8.98945617675781	0	0
2562	4-41	0	0	0	0
2563	2-70	0	0	0	0
2564	4-37a	0	0	0	0
2565	4-37a	0	0	0	0
2566	2-86	0	0	0	0
2567	2-47	0	0	0	0
2568	4-31	21.1423797607422	10.5780563354492	0	0
2569	4-55a	8.8695650100708	0	0	0
2570	2-84	0	0	0	0
2571	2-70	0	0	0	0
2572	2-47	0	0	0	0
2573	2-86	0	0	0	0
2574	2-70	0	0	0	0
2575	2-63	10.3604583740234	0	0	0
2576	2-70	0	0	0	0
2577	4-31	20.6828289031982	10.2148733139038	0	0
2578	2-86	0	0	0	0
2579	2-70	0	0	0	0
2580	2-86	0	0	0	0
2581	2-86	0	0	0	0
2582	3-19	0	0	0	0
2583	2-27	0	0	0	0
2584	2-47	0	0	0	0
2585	2-47	0	0	0	0
2586	3-48	0	0	0	0
2587	4-46	6.50401830673218	7.3758487701416	0	0
2588	3-19	0	0	0	0
2589	2-62	0	0	0	0
2590	2-62	0	0	0	0
2591	4-46	6.67505502700806	7.86702680587769	0	0
2592	2-62	0	0	0	0
2593	4-44	13.4049549102783	0	0	0
2594	2-62	0	0	0	0
2595	2-62	0	0	0	0
2596	2-62	0	0	0	0
2597	2-62	0	0	0	0
2598	2-62	0	0	0	0
2599	2-62	0	0	0	0
2600	2-62	0	0	0	0
2601	2-62	0	0	0	0
2602	4-16	0	0	0	0
2603	2-62	0	0	0	0
2604	2-62	0	0	0	0
2605	2-62	0	0	0	0
