No.	NAME	nCIR	Rperim	Rbrid	MCD	NRS	NNRS	nR04	nR05	nR06	nR07	nR08	nBnz	ARR	D/Dtr04	D/Dtr05	D/Dtr06	D/Dtr08
1	Ceftriaxone	5	19	1	0.527777777777778	3	0.75	1	1	2	0	1	0	0.128205128205128	76.693808968809	114.739874797807	245.173871458779	155.269178044178
2	Nocardicin B	3	16	0	0.444444444444444	3	1	1	0	2	0	0	2	0.315789473684211	107.942091242091	0	303.674900520876	0
3	BL-S217	4	14	1	0.482758620689655	2	0.666666666666667	1	0	2	0	1	0	0.193548387096774	59.9694974959681	0	198.840223648041	123.931978479037
4	Nocardicin B	3	16	0	0.444444444444444	3	1	1	0	2	0	0	2	0.315789473684211	107.942091242091	0	303.674900520876	0
5	Ceftazidime	5	19	1	0.513513513513513	3	0.75	1	1	2	0	1	0	0.275	79.4706321456322	120.041180053177	255.660299276747	163.511913086913
6	Cefoperazone	6	25	1	0.568181818181818	4	0.8	1	1	3	0	1	1	0.229166666666667	96.7428138253216	143.742533572902	485.928798026356	199.343185031343
7	SCE-796	5	20	1	0.571428571428571	3	0.75	1	0	3	0	1	1	0.315789473684211	74.0855144855145	0	364.835907633818	150.407115107115
8	Imipenem	3	7	1	0.35	1	0.5	1	1	0	1	0	0	0	40.0869408369408	48.8248196248196	0	0
9	Ceftazidime	5	19	1	0.513513513513513	3	0.75	1	1	2	0	1	0	0.275	79.4706321456322	120.041180053177	255.660299276747	163.511913086913
10	Ceftazidime	5	19	1	0.513513513513513	3	0.75	1	1	2	0	1	0	0.275	79.4706321456322	120.041180053177	255.660299276747	163.511913086913
11	Cefoperazone	6	25	1	0.568181818181818	4	0.8	1	1	3	0	1	1	0.229166666666667	96.7428138253216	143.742533572902	485.928798026356	199.343185031343
12	Cefsulodin	5	20	1	0.555555555555556	3	0.75	1	0	3	0	1	1	0.307692307692308	76.7218781218781	0	377.905953764158	155.964690864691
13	SCE-796	5	20	1	0.571428571428571	3	0.75	1	0	3	0	1	1	0.315789473684211	74.0855144855145	0	364.835907633818	150.407115107115
14	Cefsulodin	5	20	1	0.555555555555556	3	0.75	1	0	3	0	1	1	0.307692307692308	76.7218781218781	0	377.905953764158	155.964690864691
15	Cefsulodin	5	20	1	0.555555555555556	3	0.75	1	0	3	0	1	1	0.307692307692308	76.7218781218781	0	377.905953764158	155.964690864691
16	Imipenem	3	7	1	0.35	1	0.5	1	1	0	1	0	0	0	40.0869408369408	48.8248196248196	0	0
17	Ceftazidime	5	19	1	0.513513513513513	3	0.75	1	1	2	0	1	0	0.275	79.4706321456322	120.041180053177	255.660299276747	163.511913086913
18	Cefsulodin	5	20	1	0.555555555555556	3	0.75	1	0	3	0	1	1	0.307692307692308	76.7218781218781	0	377.905953764158	155.964690864691
19	Cefsulodin	5	20	1	0.555555555555556	3	0.75	1	0	3	0	1	1	0.307692307692308	76.7218781218781	0	377.905953764158	155.964690864691
20	Nocardicin B	3	16	0	0.444444444444444	3	1	1	0	2	0	0	2	0.315789473684211	107.942091242091	0	303.674900520876	0
21	Imipenem	3	7	1	0.35	1	0.5	1	1	0	1	0	0	0	40.0869408369408	48.8248196248196	0	0
22	Imipenem	3	7	1	0.35	1	0.5	1	1	0	1	0	0	0	40.0869408369408	48.8248196248196	0	0
23	Imipenem	3	7	1	0.35	1	0.5	1	1	0	1	0	0	0	40.0869408369408	48.8248196248196	0	0
24	Imipenem	3	7	1	0.35	1	0.5	1	1	0	1	0	0	0	40.0869408369408	48.8248196248196	0	0
25	Imipenem	3	7	1	0.35	1	0.5	1	1	0	1	0	0	0	40.0869408369408	48.8248196248196	0	0
26	Cyclacillin	4	13	1	0.565217391304348	2	0.666666666666667	1	1	1	1	0	0	0	44.1790431790432	55.6591741591742	77.739849039849	0
27	Imipenem	3	7	1	0.35	1	0.5	1	1	0	1	0	0	0	40.0869408369408	48.8248196248196	0	0
28	Ceftazidime	5	19	1	0.513513513513513	3	0.75	1	1	2	0	1	0	0.275	79.4706321456322	120.041180053177	255.660299276747	163.511913086913
29	Ceftazidime	5	19	1	0.513513513513513	3	0.75	1	1	2	0	1	0	0.275	79.4706321456322	120.041180053177	255.660299276747	163.511913086913
30	Cefoperazone	6	25	1	0.568181818181818	4	0.8	1	1	3	0	1	1	0.229166666666667	96.7428138253216	143.742533572902	485.928798026356	199.343185031343
31	Ceftazidime	5	19	1	0.513513513513513	3	0.75	1	1	2	0	1	0	0.275	79.4706321456322	120.041180053177	255.660299276747	163.511913086913
32	Cefoperazone	6	25	1	0.568181818181818	4	0.8	1	1	3	0	1	1	0.229166666666667	96.7428138253216	143.742533572902	485.928798026356	199.343185031343
33	Ceftazidime	5	19	1	0.513513513513513	3	0.75	1	1	2	0	1	0	0.275	79.4706321456322	120.041180053177	255.660299276747	163.511913086913
34	Imipenem	3	7	1	0.35	1	0.5	1	1	0	1	0	0	0	40.0869408369408	48.8248196248196	0	0
35	Cefoperazone	6	25	1	0.568181818181818	4	0.8	1	1	3	0	1	1	0.229166666666667	96.7428138253216	143.742533572902	485.928798026356	199.343185031343
36	Ceftazidime	5	19	1	0.513513513513513	3	0.75	1	1	2	0	1	0	0.275	79.4706321456322	120.041180053177	255.660299276747	163.511913086913
37	Ceftriaxone	5	19	1	0.527777777777778	3	0.75	1	1	2	0	1	0	0.128205128205128	76.693808968809	114.739874797807	245.173871458779	155.269178044178
38	Ceftazidime	5	19	1	0.513513513513513	3	0.75	1	1	2	0	1	0	0.275	79.4706321456322	120.041180053177	255.660299276747	163.511913086913
39	Cefsulodin	5	20	1	0.555555555555556	3	0.75	1	0	3	0	1	1	0.307692307692308	76.7218781218781	0	377.905953764158	155.964690864691
40	Ceftazidime	5	19	1	0.513513513513513	3	0.75	1	1	2	0	1	0	0.275	79.4706321456322	120.041180053177	255.660299276747	163.511913086913
41	Nocardicin B	3	16	0	0.444444444444444	3	1	1	0	2	0	0	2	0.315789473684211	107.942091242091	0	303.674900520876	0
42	Cyclacillin	4	13	1	0.565217391304348	2	0.666666666666667	1	1	1	1	0	0	0	44.1790431790432	55.6591741591742	77.739849039849	0
43	Cefuroxime	4	13	1	0.448275862068966	2	0.666666666666667	1	1	1	0	1	0	0.161290322580645	59.5169996669997	90.6816174022056	90.021423021423	123.230086580087
44	Cefuroxime	4	13	1	0.448275862068966	2	0.666666666666667	1	1	1	0	1	0	0.161290322580645	59.5169996669997	90.6816174022056	90.021423021423	123.230086580087
45	Cefuroxime	4	13	1	0.448275862068966	2	0.666666666666667	1	1	1	0	1	0	0.161290322580645	59.5169996669997	90.6816174022056	90.021423021423	123.230086580087
46	Imipenem	3	7	1	0.35	1	0.5	1	1	0	1	0	0	0	40.0869408369408	48.8248196248196	0	0
47	Cefmetazole	4	13	1	0.433333333333333	2	0.666666666666667	1	1	1	0	1	0	0.15625	61.6687090687091	91.6476095971452	90.826554001554	125.425815850816
48	Ceftazidime	5	19	1	0.513513513513513	3	0.75	1	1	2	0	1	0	0.275	79.4706321456322	120.041180053177	255.660299276747	163.511913086913
49	Cefoperazone	6	25	1	0.568181818181818	4	0.8	1	1	3	0	1	1	0.229166666666667	96.7428138253216	143.742533572902	485.928798026356	199.343185031343
50	Imipenem	3	7	1	0.35	1	0.5	1	1	0	1	0	0	0	40.0869408369408	48.8248196248196	0	0
51	Ofloxacin	8	18	3	0.730769230769231	2	0.5	0	0	4	0	0	1	0.206896551724138	0	0	210.135178804683	0
52	Nocardicin B	3	16	0	0.444444444444444	3	1	1	0	2	0	0	2	0.315789473684211	107.942091242091	0	303.674900520876	0
53	SCE-796	5	20	1	0.571428571428571	3	0.75	1	0	3	0	1	1	0.315789473684211	74.0855144855145	0	364.835907633818	150.407115107115
54	Cefsulodin	5	20	1	0.555555555555556	3	0.75	1	0	3	0	1	1	0.307692307692308	76.7218781218781	0	377.905953764158	155.964690864691
55	SCE-796	5	20	1	0.571428571428571	3	0.75	1	0	3	0	1	1	0.315789473684211	74.0855144855145	0	364.835907633818	150.407115107115
56	Ceftazidime	5	19	1	0.513513513513513	3	0.75	1	1	2	0	1	0	0.275	79.4706321456322	120.041180053177	255.660299276747	163.511913086913
57	Cefoperazone	6	25	1	0.568181818181818	4	0.8	1	1	3	0	1	1	0.229166666666667	96.7428138253216	143.742533572902	485.928798026356	199.343185031343
58	Aztreonam	2	9	0	0.321428571428571	2	1	1	1	0	0	0	0	0.172413793103448	84.4721861471861	97.4690476190476	0	0
59	Imipenem	3	7	1	0.35	1	0.5	1	1	0	1	0	0	0	40.0869408369408	48.8248196248196	0	0
60	Moxalactam	5	19	1	0.527777777777778	3	0.75	1	1	2	0	1	1	0.282051282051282	75.0388278388279	113.138033990433	247.562226663347	154.103948828949
61	SCE-796	5	20	1	0.571428571428571	3	0.75	1	0	3	0	1	1	0.315789473684211	74.0855144855145	0	364.835907633818	150.407115107115
62	Imipenem	3	7	1	0.35	1	0.5	1	1	0	1	0	0	0	40.0869408369408	48.8248196248196	0	0
63	Imipenem	3	7	1	0.35	1	0.5	1	1	0	1	0	0	0	40.0869408369408	48.8248196248196	0	0
64	Cefoxitin	4	13	1	0.464285714285714	2	0.666666666666667	1	1	1	0	1	0	0.166666666666667	55.7231934731935	87.5689189895072	84.2208125208125	115.519802419802
65	Nocardicin B	3	16	0	0.444444444444444	3	1	1	0	2	0	0	2	0.315789473684211	107.942091242091	0	303.674900520876	0
66	Cefuroxime	4	13	1	0.448275862068966	2	0.666666666666667	1	1	1	0	1	0	0.161290322580645	59.5169996669997	90.6816174022056	90.021423021423	123.230086580087
67	Cefamandole	5	19	1	0.612903225806452	3	0.75	1	1	2	0	1	1	0.323529411764706	62.7565767565768	93.7874597280944	206.288511489632	127.998992673993
68	SCE-796	5	20	1	0.571428571428571	3	0.75	1	0	3	0	1	1	0.315789473684211	74.0855144855145	0	364.835907633818	150.407115107115
69	Cephalexin	4	14	1	0.583333333333333	2	0.666666666666667	1	0	2	0	1	1	0.230769230769231	44.8081085581086	0	153.259998824705	95.4293095793096
70	Imipenem	3	7	1	0.35	1	0.5	1	1	0	1	0	0	0	40.0869408369408	48.8248196248196	0	0
71	Cefamandole	5	19	1	0.612903225806452	3	0.75	1	1	2	0	1	1	0.323529411764706	62.7565767565768	93.7874597280944	206.288511489632	127.998992673993
72	Moxalactam	5	19	1	0.527777777777778	3	0.75	1	1	2	0	1	1	0.282051282051282	75.0388278388279	113.138033990433	247.562226663347	154.103948828949
73	Nocardicin B	3	16	0	0.444444444444444	3	1	1	0	2	0	0	2	0.315789473684211	107.942091242091	0	303.674900520876	0
74	Cefoperazone	6	25	1	0.568181818181818	4	0.8	1	1	3	0	1	1	0.229166666666667	96.7428138253216	143.742533572902	485.928798026356	199.343185031343
75	SCE-796	5	20	1	0.571428571428571	3	0.75	1	0	3	0	1	1	0.315789473684211	74.0855144855145	0	364.835907633818	150.407115107115
76	BL-S217	4	14	1	0.482758620689655	2	0.666666666666667	1	0	2	0	1	0	0.193548387096774	59.9694974959681	0	198.840223648041	123.931978479037
77	Imipenem	3	7	1	0.35	1	0.5	1	1	0	1	0	0	0	40.0869408369408	48.8248196248196	0	0
78	Cyclacillin	4	13	1	0.565217391304348	2	0.666666666666667	1	1	1	1	0	0	0	44.1790431790432	55.6591741591742	77.739849039849	0
79	Cefoperazone	6	25	1	0.568181818181818	4	0.8	1	1	3	0	1	1	0.229166666666667	96.7428138253216	143.742533572902	485.928798026356	199.343185031343
80	Moxalactam	5	19	1	0.527777777777778	3	0.75	1	1	2	0	1	1	0.282051282051282	75.0388278388279	113.138033990433	247.562226663347	154.103948828949
81	Imipenem	3	7	1	0.35	1	0.5	1	1	0	1	0	0	0	40.0869408369408	48.8248196248196	0	0
82	Cefmetazole	4	13	1	0.433333333333333	2	0.666666666666667	1	1	1	0	1	0	0.15625	61.6687090687091	91.6476095971452	90.826554001554	125.425815850816
83	Cefotaxime	4	13	1	0.433333333333333	2	0.666666666666667	1	1	1	0	1	0	0.15625	62.1015234765235	93.9816174022056	94.0620823620824	128.679079254079
84	Cefsulodin	5	20	1	0.555555555555556	3	0.75	1	0	3	0	1	1	0.307692307692308	76.7218781218781	0	377.905953764158	155.964690864691
85	Ofloxacin	8	18	3	0.730769230769231	2	0.5	0	0	4	0	0	1	0.206896551724138	0	0	210.135178804683	0
86	Cefuroxime	4	13	1	0.448275862068966	2	0.666666666666667	1	1	1	0	1	0	0.161290322580645	59.5169996669997	90.6816174022056	90.021423021423	123.230086580087
87	Cephaloglycin	4	14	1	0.5	2	0.666666666666667	1	0	2	0	1	1	0.2	56.2311244311244	0	186.48076109477	116.39272949273
88	Cefoperazone	6	25	1	0.568181818181818	4	0.8	1	1	3	0	1	1	0.229166666666667	96.7428138253216	143.742533572902	485.928798026356	199.343185031343
89	Cefaclor	4	14	1	0.583333333333333	2	0.666666666666667	1	0	2	0	1	1	0.230769230769231	44.8081085581086	0	153.259998824705	95.4293095793096
90	Cefaclor	4	14	1	0.583333333333333	2	0.666666666666667	1	0	2	0	1	1	0.230769230769231	44.8081085581086	0	153.259998824705	95.4293095793096
91	Cefuroxime	4	13	1	0.448275862068966	2	0.666666666666667	1	1	1	0	1	0	0.161290322580645	59.5169996669997	90.6816174022056	90.021423021423	123.230086580087
92	Cephaloridine	5	19	1	0.678571428571429	3	0.75	1	1	2	0	1	0	0.354838709677419	54.6629981129981	84.7618149738119	175.468353206821	111.533893883894
93	Cefsulodin	5	20	1	0.555555555555556	3	0.75	1	0	3	0	1	1	0.307692307692308	76.7218781218781	0	377.905953764158	155.964690864691
94	Cefuroxime	4	13	1	0.448275862068966	2	0.666666666666667	1	1	1	0	1	0	0.161290322580645	59.5169996669997	90.6816174022056	90.021423021423	123.230086580087
95	Imipenem	3	7	1	0.35	1	0.5	1	1	0	1	0	0	0	40.0869408369408	48.8248196248196	0	0
96	BL-S217	4	14	1	0.482758620689655	2	0.666666666666667	1	0	2	0	1	0	0.193548387096774	59.9694974959681	0	198.840223648041	123.931978479037
97	Cephalosporin C	3	8	1	0.296296296296296	1	0.5	1	0	1	0	1	0	0	56.7561993561994	0	85.7270396270396	117.481951381951
98	Ceftazidime	5	19	1	0.513513513513513	3	0.75	1	1	2	0	1	0	0.275	79.4706321456322	120.041180053177	255.660299276747	163.511913086913
99	Imipenem	3	7	1	0.35	1	0.5	1	1	0	1	0	0	0	40.0869408369408	48.8248196248196	0	0
100	Cefotaxime	4	13	1	0.433333333333333	2	0.666666666666667	1	1	1	0	1	0	0.15625	62.1015234765235	93.9816174022056	94.0620823620824	128.679079254079
101	Cyclacillin	4	13	1	0.565217391304348	2	0.666666666666667	1	1	1	1	0	0	0	44.1790431790432	55.6591741591742	77.739849039849	0
102	Cefoperazone	6	25	1	0.568181818181818	4	0.8	1	1	3	0	1	1	0.229166666666667	96.7428138253216	143.742533572902	485.928798026356	199.343185031343
103	Cefsulodin	5	20	1	0.555555555555556	3	0.75	1	0	3	0	1	1	0.307692307692308	76.7218781218781	0	377.905953764158	155.964690864691
104	Cefmetazole	4	13	1	0.433333333333333	2	0.666666666666667	1	1	1	0	1	0	0.15625	61.6687090687091	91.6476095971452	90.826554001554	125.425815850816
105	Ceftazidime	5	19	1	0.513513513513513	3	0.75	1	1	2	0	1	0	0.275	79.4706321456322	120.041180053177	255.660299276747	163.511913086913
106	Imipenem	3	7	1	0.35	1	0.5	1	1	0	1	0	0	0	40.0869408369408	48.8248196248196	0	0
107	Nocardicin B	3	16	0	0.444444444444444	3	1	1	0	2	0	0	2	0.315789473684211	107.942091242091	0	303.674900520876	0
108	Cephalexin	4	14	1	0.583333333333333	2	0.666666666666667	1	0	2	0	1	1	0.230769230769231	44.8081085581086	0	153.259998824705	95.4293095793096
109	Moxalactam	5	19	1	0.527777777777778	3	0.75	1	1	2	0	1	1	0.282051282051282	75.0388278388279	113.138033990433	247.562226663347	154.103948828949
110	SCE-796	5	20	1	0.571428571428571	3	0.75	1	0	3	0	1	1	0.315789473684211	74.0855144855145	0	364.835907633818	150.407115107115
111	Cefuroxime	4	13	1	0.448275862068966	2	0.666666666666667	1	1	1	0	1	0	0.161290322580645	59.5169996669997	90.6816174022056	90.021423021423	123.230086580087
112	Cyclacillin	4	13	1	0.565217391304348	2	0.666666666666667	1	1	1	1	0	0	0	44.1790431790432	55.6591741591742	77.739849039849	0
113	Cefuroxime	4	13	1	0.448275862068966	2	0.666666666666667	1	1	1	0	1	0	0.161290322580645	59.5169996669997	90.6816174022056	90.021423021423	123.230086580087
114	Cefuroxime	4	13	1	0.448275862068966	2	0.666666666666667	1	1	1	0	1	0	0.161290322580645	59.5169996669997	90.6816174022056	90.021423021423	123.230086580087
115	Cefaclor	4	14	1	0.583333333333333	2	0.666666666666667	1	0	2	0	1	1	0.230769230769231	44.8081085581086	0	153.259998824705	95.4293095793096
116	Ceftriaxone	5	19	1	0.527777777777778	3	0.75	1	1	2	0	1	0	0.128205128205128	76.693808968809	114.739874797807	245.173871458779	155.269178044178
117	Cefuroxime	4	13	1	0.448275862068966	2	0.666666666666667	1	1	1	0	1	0	0.161290322580645	59.5169996669997	90.6816174022056	90.021423021423	123.230086580087
118	BL-S217	4	14	1	0.482758620689655	2	0.666666666666667	1	0	2	0	1	0	0.193548387096774	59.9694974959681	0	198.840223648041	123.931978479037
119	Ceftizoxime	4	13	1	0.52	2	0.666666666666667	1	1	1	0	1	0	0.185185185185185	48.2023171273171	74.6701295436589	76.222471972472	103.310897435897
120	Cyclacillin	4	13	1	0.565217391304348	2	0.666666666666667	1	1	1	1	0	0	0	44.1790431790432	55.6591741591742	77.739849039849	0
121	Cephalexin	4	14	1	0.583333333333333	2	0.666666666666667	1	0	2	0	1	1	0.230769230769231	44.8081085581086	0	153.259998824705	95.4293095793096
122	Nocardicin B	3	16	0	0.444444444444444	3	1	1	0	2	0	0	2	0.315789473684211	107.942091242091	0	303.674900520876	0
123	Cefamandole	5	19	1	0.612903225806452	3	0.75	1	1	2	0	1	1	0.323529411764706	62.7565767565768	93.7874597280944	206.288511489632	127.998992673993
124	Cefazolin	5	18	1	0.620689655172414	3	0.75	1	2	1	0	1	0	0.3125	58.6643967143967	176.089932161062	86.8286657786658	119.259978909979
125	Cephalosporin C	3	8	1	0.296296296296296	1	0.5	1	0	1	0	1	0	0	56.7561993561994	0	85.7270396270396	117.481951381951
126	Cefoxitin	4	13	1	0.464285714285714	2	0.666666666666667	1	1	1	0	1	0	0.166666666666667	55.7231934731935	87.5689189895072	84.2208125208125	115.519802419802
127	Ceftazidime	5	19	1	0.513513513513513	3	0.75	1	1	2	0	1	0	0.275	79.4706321456322	120.041180053177	255.660299276747	163.511913086913
128	Cyclacillin	4	13	1	0.565217391304348	2	0.666666666666667	1	1	1	1	0	0	0	44.1790431790432	55.6591741591742	77.739849039849	0
129	Ceftriaxone	5	19	1	0.527777777777778	3	0.75	1	1	2	0	1	0	0.128205128205128	76.693808968809	114.739874797807	245.173871458779	155.269178044178
130	Cefuroxime	4	13	1	0.448275862068966	2	0.666666666666667	1	1	1	0	1	0	0.161290322580645	59.5169996669997	90.6816174022056	90.021423021423	123.230086580087
131	Cefuroxime	4	13	1	0.448275862068966	2	0.666666666666667	1	1	1	0	1	0	0.161290322580645	59.5169996669997	90.6816174022056	90.021423021423	123.230086580087
132	Imipenem	3	7	1	0.35	1	0.5	1	1	0	1	0	0	0	40.0869408369408	48.8248196248196	0	0
133	Ampicillin	4	13	1	0.541666666666667	2	0.666666666666667	1	1	1	1	0	1	0.230769230769231	47.5813797313797	59.7656898656899	85.0553998289292	0
134	Ceftazidime	5	19	1	0.513513513513513	3	0.75	1	1	2	0	1	0	0.275	79.4706321456322	120.041180053177	255.660299276747	163.511913086913
135	Cefuroxime	4	13	1	0.448275862068966	2	0.666666666666667	1	1	1	0	1	0	0.161290322580645	59.5169996669997	90.6816174022056	90.021423021423	123.230086580087
136	Imipenem	3	7	1	0.35	1	0.5	1	1	0	1	0	0	0	40.0869408369408	48.8248196248196	0	0
137	Cephalosporin C	3	8	1	0.296296296296296	1	0.5	1	0	1	0	1	0	0	56.7561993561994	0	85.7270396270396	117.481951381951
138	Ceftizoxime	4	13	1	0.52	2	0.666666666666667	1	1	1	0	1	0	0.185185185185185	48.2023171273171	74.6701295436589	76.222471972472	103.310897435897
139	Ceftriaxone	5	19	1	0.527777777777778	3	0.75	1	1	2	0	1	0	0.128205128205128	76.693808968809	114.739874797807	245.173871458779	155.269178044178
140	Cefazolin	5	18	1	0.620689655172414	3	0.75	1	2	1	0	1	0	0.3125	58.6643967143967	176.089932161062	86.8286657786658	119.259978909979
141	Cephalosporin C	3	8	1	0.296296296296296	1	0.5	1	0	1	0	1	0	0	56.7561993561994	0	85.7270396270396	117.481951381951
142	Imipenem	3	7	1	0.35	1	0.5	1	1	0	1	0	0	0	40.0869408369408	48.8248196248196	0	0
143	Cefacetrile	3	8	1	0.347826086956522	1	0.5	1	0	1	0	1	0	0	45.4692640692641	0	67.768253968254	93.2196248196248
144	Nocardicin B	3	16	0	0.444444444444444	3	1	1	0	2	0	0	2	0.315789473684211	107.942091242091	0	303.674900520876	0
145	Cefuroxime	4	13	1	0.448275862068966	2	0.666666666666667	1	1	1	0	1	0	0.161290322580645	59.5169996669997	90.6816174022056	90.021423021423	123.230086580087
146	Aztreonam	2	9	0	0.321428571428571	2	1	1	1	0	0	0	0	0.172413793103448	84.4721861471861	97.4690476190476	0	0
147	Cefaclor	4	14	1	0.583333333333333	2	0.666666666666667	1	0	2	0	1	1	0.230769230769231	44.8081085581086	0	153.259998824705	95.4293095793096
148	Aztreonam	2	9	0	0.321428571428571	2	1	1	1	0	0	0	0	0.172413793103448	84.4721861471861	97.4690476190476	0	0
149	LY097964	4	13	1	0.5	2	0.666666666666667	1	1	1	0	1	0	0.178571428571429	50.6785076035076	78.3930732666027	79.2462814962815	107.715659340659
150	LY097964	4	13	1	0.5	2	0.666666666666667	1	1	1	0	1	0	0.178571428571429	50.6785076035076	78.3930732666027	79.2462814962815	107.715659340659
151	Ceftazidime	5	19	1	0.513513513513513	3	0.75	1	1	2	0	1	0	0.275	79.4706321456322	120.041180053177	255.660299276747	163.511913086913
152	Nocardicin B	3	16	0	0.444444444444444	3	1	1	0	2	0	0	2	0.315789473684211	107.942091242091	0	303.674900520876	0
153	Cefacetrile	3	8	1	0.347826086956522	1	0.5	1	0	1	0	1	0	0	45.4692640692641	0	67.768253968254	93.2196248196248
154	Aztreonam	2	9	0	0.321428571428571	2	1	1	1	0	0	0	0	0.172413793103448	84.4721861471861	97.4690476190476	0	0
155	BL-S217	4	14	1	0.482758620689655	2	0.666666666666667	1	0	2	0	1	0	0.193548387096774	59.9694974959681	0	198.840223648041	123.931978479037
156	Ceftazidime	5	19	1	0.513513513513513	3	0.75	1	1	2	0	1	0	0.275	79.4706321456322	120.041180053177	255.660299276747	163.511913086913
157	Cefuroxime	4	13	1	0.448275862068966	2	0.666666666666667	1	1	1	0	1	0	0.161290322580645	59.5169996669997	90.6816174022056	90.021423021423	123.230086580087
158	Cephaloglycin	4	14	1	0.5	2	0.666666666666667	1	0	2	0	1	1	0.2	56.2311244311244	0	186.48076109477	116.39272949273
159	Cefaclor	4	14	1	0.583333333333333	2	0.666666666666667	1	0	2	0	1	1	0.230769230769231	44.8081085581086	0	153.259998824705	95.4293095793096
160	Cephaloglycin	4	14	1	0.5	2	0.666666666666667	1	0	2	0	1	1	0.2	56.2311244311244	0	186.48076109477	116.39272949273
161	Cyclacillin	4	13	1	0.565217391304348	2	0.666666666666667	1	1	1	1	0	0	0	44.1790431790432	55.6591741591742	77.739849039849	0
162	Cephaloridine	5	19	1	0.678571428571429	3	0.75	1	1	2	0	1	0	0.354838709677419	54.6629981129981	84.7618149738119	175.468353206821	111.533893883894
163	Cefacetrile	3	8	1	0.347826086956522	1	0.5	1	0	1	0	1	0	0	45.4692640692641	0	67.768253968254	93.2196248196248
164	Cephaloridine	5	19	1	0.678571428571429	3	0.75	1	1	2	0	1	0	0.354838709677419	54.6629981129981	84.7618149738119	175.468353206821	111.533893883894
165	Nocardicin B	3	16	0	0.444444444444444	3	1	1	0	2	0	0	2	0.315789473684211	107.942091242091	0	303.674900520876	0
166	SCE-796	5	20	1	0.571428571428571	3	0.75	1	0	3	0	1	1	0.315789473684211	74.0855144855145	0	364.835907633818	150.407115107115
167	Cephalosporin C	3	8	1	0.296296296296296	1	0.5	1	0	1	0	1	0	0	56.7561993561994	0	85.7270396270396	117.481951381951
168	Cefacetrile	3	8	1	0.347826086956522	1	0.5	1	0	1	0	1	0	0	45.4692640692641	0	67.768253968254	93.2196248196248
169	Cefuroxime	4	13	1	0.448275862068966	2	0.666666666666667	1	1	1	0	1	0	0.161290322580645	59.5169996669997	90.6816174022056	90.021423021423	123.230086580087
170	Cyclacillin	4	13	1	0.565217391304348	2	0.666666666666667	1	1	1	1	0	0	0	44.1790431790432	55.6591741591742	77.739849039849	0
171	Cephaloridine	5	19	1	0.678571428571429	3	0.75	1	1	2	0	1	0	0.354838709677419	54.6629981129981	84.7618149738119	175.468353206821	111.533893883894
172	Cefuroxime	4	13	1	0.448275862068966	2	0.666666666666667	1	1	1	0	1	0	0.161290322580645	59.5169996669997	90.6816174022056	90.021423021423	123.230086580087
173	Cefotaxime	4	13	1	0.433333333333333	2	0.666666666666667	1	1	1	0	1	0	0.15625	62.1015234765235	93.9816174022056	94.0620823620824	128.679079254079
174	Aztreonam	2	9	0	0.321428571428571	2	1	1	1	0	0	0	0	0.172413793103448	84.4721861471861	97.4690476190476	0	0
175	Ceftazidime	5	19	1	0.513513513513513	3	0.75	1	1	2	0	1	0	0.275	79.4706321456322	120.041180053177	255.660299276747	163.511913086913
176	Moxalactam	5	19	1	0.527777777777778	3	0.75	1	1	2	0	1	1	0.282051282051282	75.0388278388279	113.138033990433	247.562226663347	154.103948828949
177	Ceftriaxone	5	19	1	0.527777777777778	3	0.75	1	1	2	0	1	0	0.128205128205128	76.693808968809	114.739874797807	245.173871458779	155.269178044178
178	Cefuroxime	4	13	1	0.448275862068966	2	0.666666666666667	1	1	1	0	1	0	0.161290322580645	59.5169996669997	90.6816174022056	90.021423021423	123.230086580087
179	Cyclacillin	4	13	1	0.565217391304348	2	0.666666666666667	1	1	1	1	0	0	0	44.1790431790432	55.6591741591742	77.739849039849	0
180	Ofloxacin	8	18	3	0.730769230769231	2	0.5	0	0	4	0	0	1	0.206896551724138	0	0	210.135178804683	0
181	Ceftizoxime	4	13	1	0.52	2	0.666666666666667	1	1	1	0	1	0	0.185185185185185	48.2023171273171	74.6701295436589	76.222471972472	103.310897435897
182	SCE-796	5	20	1	0.571428571428571	3	0.75	1	0	3	0	1	1	0.315789473684211	74.0855144855145	0	364.835907633818	150.407115107115
183	Penicillin N	3	7	1	0.291666666666667	1	0.5	1	1	0	1	0	0	0	51.2483405483406	63.736297036297	0	0
184	Ceftazidime	5	19	1	0.513513513513513	3	0.75	1	1	2	0	1	0	0.275	79.4706321456322	120.041180053177	255.660299276747	163.511913086913
185	Cefazolin	5	18	1	0.620689655172414	3	0.75	1	2	1	0	1	0	0.3125	58.6643967143967	176.089932161062	86.8286657786658	119.259978909979
186	Ofloxacin	8	18	3	0.730769230769231	2	0.5	0	0	4	0	0	1	0.206896551724138	0	0	210.135178804683	0
187	Cefotaxime	4	13	1	0.433333333333333	2	0.666666666666667	1	1	1	0	1	0	0.15625	62.1015234765235	93.9816174022056	94.0620823620824	128.679079254079
188	Cefmetazole	4	13	1	0.433333333333333	2	0.666666666666667	1	1	1	0	1	0	0.15625	61.6687090687091	91.6476095971452	90.826554001554	125.425815850816
189	Cefuroxime	4	13	1	0.448275862068966	2	0.666666666666667	1	1	1	0	1	0	0.161290322580645	59.5169996669997	90.6816174022056	90.021423021423	123.230086580087
190	Cefazolin	5	18	1	0.620689655172414	3	0.75	1	2	1	0	1	0	0.3125	58.6643967143967	176.089932161062	86.8286657786658	119.259978909979
191	SCE-796	5	20	1	0.571428571428571	3	0.75	1	0	3	0	1	1	0.315789473684211	74.0855144855145	0	364.835907633818	150.407115107115
192	Cephalosporin C	3	8	1	0.296296296296296	1	0.5	1	0	1	0	1	0	0	56.7561993561994	0	85.7270396270396	117.481951381951
193	Ceftriaxone	5	19	1	0.527777777777778	3	0.75	1	1	2	0	1	0	0.128205128205128	76.693808968809	114.739874797807	245.173871458779	155.269178044178
194	Nocardicin B	3	16	0	0.444444444444444	3	1	1	0	2	0	0	2	0.315789473684211	107.942091242091	0	303.674900520876	0
195	Ceftriaxone	5	19	1	0.527777777777778	3	0.75	1	1	2	0	1	0	0.128205128205128	76.693808968809	114.739874797807	245.173871458779	155.269178044178
196	Aztreonam	2	9	0	0.321428571428571	2	1	1	1	0	0	0	0	0.172413793103448	84.4721861471861	97.4690476190476	0	0
197	Imipenem	3	7	1	0.35	1	0.5	1	1	0	1	0	0	0	40.0869408369408	48.8248196248196	0	0
198	Penicillin N	3	7	1	0.291666666666667	1	0.5	1	1	0	1	0	0	0	51.2483405483406	63.736297036297	0	0
199	Ceftriaxone	5	19	1	0.527777777777778	3	0.75	1	1	2	0	1	0	0.128205128205128	76.693808968809	114.739874797807	245.173871458779	155.269178044178
200	Cephaloglycin	4	14	1	0.5	2	0.666666666666667	1	0	2	0	1	1	0.2	56.2311244311244	0	186.48076109477	116.39272949273
201	LY097964	4	13	1	0.5	2	0.666666666666667	1	1	1	0	1	0	0.178571428571429	50.6785076035076	78.3930732666027	79.2462814962815	107.715659340659
202	Cefacetrile	3	8	1	0.347826086956522	1	0.5	1	0	1	0	1	0	0	45.4692640692641	0	67.768253968254	93.2196248196248
203	Ampicillin	4	13	1	0.541666666666667	2	0.666666666666667	1	1	1	1	0	1	0.230769230769231	47.5813797313797	59.7656898656899	85.0553998289292	0
204	Ceftriaxone	5	19	1	0.527777777777778	3	0.75	1	1	2	0	1	0	0.128205128205128	76.693808968809	114.739874797807	245.173871458779	155.269178044178
205	Cyclacillin	4	13	1	0.565217391304348	2	0.666666666666667	1	1	1	1	0	0	0	44.1790431790432	55.6591741591742	77.739849039849	0
206	Cefoperazone	6	25	1	0.568181818181818	4	0.8	1	1	3	0	1	1	0.229166666666667	96.7428138253216	143.742533572902	485.928798026356	199.343185031343
207	Cefazolin	5	18	1	0.620689655172414	3	0.75	1	2	1	0	1	0	0.3125	58.6643967143967	176.089932161062	86.8286657786658	119.259978909979
208	Cefacetrile	3	8	1	0.347826086956522	1	0.5	1	0	1	0	1	0	0	45.4692640692641	0	67.768253968254	93.2196248196248
209	Cephalosporin C	3	8	1	0.296296296296296	1	0.5	1	0	1	0	1	0	0	56.7561993561994	0	85.7270396270396	117.481951381951
210	SCE-796	5	20	1	0.571428571428571	3	0.75	1	0	3	0	1	1	0.315789473684211	74.0855144855145	0	364.835907633818	150.407115107115
211	Ceftizoxime	4	13	1	0.52	2	0.666666666666667	1	1	1	0	1	0	0.185185185185185	48.2023171273171	74.6701295436589	76.222471972472	103.310897435897
212	Cefotaxime	4	13	1	0.433333333333333	2	0.666666666666667	1	1	1	0	1	0	0.15625	62.1015234765235	93.9816174022056	94.0620823620824	128.679079254079
213	Ofloxacin	8	18	3	0.730769230769231	2	0.5	0	0	4	0	0	1	0.206896551724138	0	0	210.135178804683	0
214	Cefamandole	5	19	1	0.612903225806452	3	0.75	1	1	2	0	1	1	0.323529411764706	62.7565767565768	93.7874597280944	206.288511489632	127.998992673993
215	Cefazolin	5	18	1	0.620689655172414	3	0.75	1	2	1	0	1	0	0.3125	58.6643967143967	176.089932161062	86.8286657786658	119.259978909979
216	Imipenem	3	7	1	0.35	1	0.5	1	1	0	1	0	0	0	40.0869408369408	48.8248196248196	0	0
217	LY097964	4	13	1	0.5	2	0.666666666666667	1	1	1	0	1	0	0.178571428571429	50.6785076035076	78.3930732666027	79.2462814962815	107.715659340659
218	Aztreonam	2	9	0	0.321428571428571	2	1	1	1	0	0	0	0	0.172413793103448	84.4721861471861	97.4690476190476	0	0
219	Cephalothin	4	13	1	0.5	2	0.666666666666667	1	1	1	0	1	0	0.178571428571429	51.6279553779554	79.3078078783961	77.8795426795427	106.595199245199
220	Cefazolin	5	18	1	0.620689655172414	3	0.75	1	2	1	0	1	0	0.3125	58.6643967143967	176.089932161062	86.8286657786658	119.259978909979
221	Aztreonam	2	9	0	0.321428571428571	2	1	1	1	0	0	0	0	0.172413793103448	84.4721861471861	97.4690476190476	0	0
222	Cefacetrile	3	8	1	0.347826086956522	1	0.5	1	0	1	0	1	0	0	45.4692640692641	0	67.768253968254	93.2196248196248
223	Ofloxacin	8	18	3	0.730769230769231	2	0.5	0	0	4	0	0	1	0.206896551724138	0	0	210.135178804683	0
224	Cyclacillin	4	13	1	0.565217391304348	2	0.666666666666667	1	1	1	1	0	0	0	44.1790431790432	55.6591741591742	77.739849039849	0
225	Cefamandole	5	19	1	0.612903225806452	3	0.75	1	1	2	0	1	1	0.323529411764706	62.7565767565768	93.7874597280944	206.288511489632	127.998992673993
226	LY097964	4	13	1	0.5	2	0.666666666666667	1	1	1	0	1	0	0.178571428571429	50.6785076035076	78.3930732666027	79.2462814962815	107.715659340659
227	Sulbenicillin	4	13	1	0.481481481481481	2	0.666666666666667	1	1	1	1	0	1	0.206896551724138	55.954107004107	70.1838716838717	98.3411141146435	0
228	Ceftizoxime	4	13	1	0.52	2	0.666666666666667	1	1	1	0	1	0	0.185185185185185	48.2023171273171	74.6701295436589	76.222471972472	103.310897435897
229	Cefoperazone	6	25	1	0.568181818181818	4	0.8	1	1	3	0	1	1	0.229166666666667	96.7428138253216	143.742533572902	485.928798026356	199.343185031343
230	Ceftizoxime	4	13	1	0.52	2	0.666666666666667	1	1	1	0	1	0	0.185185185185185	48.2023171273171	74.6701295436589	76.222471972472	103.310897435897
231	Ceftazidime	5	19	1	0.513513513513513	3	0.75	1	1	2	0	1	0	0.275	79.4706321456322	120.041180053177	255.660299276747	163.511913086913
232	Aztreonam	2	9	0	0.321428571428571	2	1	1	1	0	0	0	0	0.172413793103448	84.4721861471861	97.4690476190476	0	0
233	Cephalexin	4	14	1	0.583333333333333	2	0.666666666666667	1	0	2	0	1	1	0.230769230769231	44.8081085581086	0	153.259998824705	95.4293095793096
234	Aztreonam	2	9	0	0.321428571428571	2	1	1	1	0	0	0	0	0.172413793103448	84.4721861471861	97.4690476190476	0	0
235	Cephaloridine	5	19	1	0.678571428571429	3	0.75	1	1	2	0	1	0	0.354838709677419	54.6629981129981	84.7618149738119	175.468353206821	111.533893883894
236	Cyclacillin	4	13	1	0.565217391304348	2	0.666666666666667	1	1	1	1	0	0	0	44.1790431790432	55.6591741591742	77.739849039849	0
237	Ceftriaxone	5	19	1	0.527777777777778	3	0.75	1	1	2	0	1	0	0.128205128205128	76.693808968809	114.739874797807	245.173871458779	155.269178044178
238	Imipenem	3	7	1	0.35	1	0.5	1	1	0	1	0	0	0	40.0869408369408	48.8248196248196	0	0
239	Cephalosporin C	3	8	1	0.296296296296296	1	0.5	1	0	1	0	1	0	0	56.7561993561994	0	85.7270396270396	117.481951381951
240	Ceftriaxone	5	19	1	0.527777777777778	3	0.75	1	1	2	0	1	0	0.128205128205128	76.693808968809	114.739874797807	245.173871458779	155.269178044178
241	Cephaloridine	5	19	1	0.678571428571429	3	0.75	1	1	2	0	1	0	0.354838709677419	54.6629981129981	84.7618149738119	175.468353206821	111.533893883894
242	Imipenem	3	7	1	0.35	1	0.5	1	1	0	1	0	0	0	40.0869408369408	48.8248196248196	0	0
243	LY097964	4	13	1	0.5	2	0.666666666666667	1	1	1	0	1	0	0.178571428571429	50.6785076035076	78.3930732666027	79.2462814962815	107.715659340659
244	Cefmetazole	4	13	1	0.433333333333333	2	0.666666666666667	1	1	1	0	1	0	0.15625	61.6687090687091	91.6476095971452	90.826554001554	125.425815850816
245	Aztreonam	2	9	0	0.321428571428571	2	1	1	1	0	0	0	0	0.172413793103448	84.4721861471861	97.4690476190476	0	0
246	Ceftriaxone	5	19	1	0.527777777777778	3	0.75	1	1	2	0	1	0	0.128205128205128	76.693808968809	114.739874797807	245.173871458779	155.269178044178
247	Cephaloglycin	4	14	1	0.5	2	0.666666666666667	1	0	2	0	1	1	0.2	56.2311244311244	0	186.48076109477	116.39272949273
248	Ofloxacin	8	18	3	0.730769230769231	2	0.5	0	0	4	0	0	1	0.206896551724138	0	0	210.135178804683	0
249	SCE-796	5	20	1	0.571428571428571	3	0.75	1	0	3	0	1	1	0.315789473684211	74.0855144855145	0	364.835907633818	150.407115107115
250	Cefamandole	5	19	1	0.612903225806452	3	0.75	1	1	2	0	1	1	0.323529411764706	62.7565767565768	93.7874597280944	206.288511489632	127.998992673993
251	Imipenem	3	7	1	0.35	1	0.5	1	1	0	1	0	0	0	40.0869408369408	48.8248196248196	0	0
252	Ceftizoxime	4	13	1	0.52	2	0.666666666666667	1	1	1	0	1	0	0.185185185185185	48.2023171273171	74.6701295436589	76.222471972472	103.310897435897
253	Cefazolin	5	18	1	0.620689655172414	3	0.75	1	2	1	0	1	0	0.3125	58.6643967143967	176.089932161062	86.8286657786658	119.259978909979
254	Aztreonam	2	9	0	0.321428571428571	2	1	1	1	0	0	0	0	0.172413793103448	84.4721861471861	97.4690476190476	0	0
255	Ceftriaxone	5	19	1	0.527777777777778	3	0.75	1	1	2	0	1	0	0.128205128205128	76.693808968809	114.739874797807	245.173871458779	155.269178044178
256	Ofloxacin	8	18	3	0.730769230769231	2	0.5	0	0	4	0	0	1	0.206896551724138	0	0	210.135178804683	0
257	BL-S217	4	14	1	0.482758620689655	2	0.666666666666667	1	0	2	0	1	0	0.193548387096774	59.9694974959681	0	198.840223648041	123.931978479037
258	LY097964	4	13	1	0.5	2	0.666666666666667	1	1	1	0	1	0	0.178571428571429	50.6785076035076	78.3930732666027	79.2462814962815	107.715659340659
259	Cefacetrile	3	8	1	0.347826086956522	1	0.5	1	0	1	0	1	0	0	45.4692640692641	0	67.768253968254	93.2196248196248
260	Ceftriaxone	5	19	1	0.527777777777778	3	0.75	1	1	2	0	1	0	0.128205128205128	76.693808968809	114.739874797807	245.173871458779	155.269178044178
261	LY097964	4	13	1	0.5	2	0.666666666666667	1	1	1	0	1	0	0.178571428571429	50.6785076035076	78.3930732666027	79.2462814962815	107.715659340659
262	Nocardicin B	3	16	0	0.444444444444444	3	1	1	0	2	0	0	2	0.315789473684211	107.942091242091	0	303.674900520876	0
263	Cefacetrile	3	8	1	0.347826086956522	1	0.5	1	0	1	0	1	0	0	45.4692640692641	0	67.768253968254	93.2196248196248
264	Cefuroxime	4	13	1	0.448275862068966	2	0.666666666666667	1	1	1	0	1	0	0.161290322580645	59.5169996669997	90.6816174022056	90.021423021423	123.230086580087
265	Penicillin N	3	7	1	0.291666666666667	1	0.5	1	1	0	1	0	0	0	51.2483405483406	63.736297036297	0	0
266	Penicillin N	3	7	1	0.291666666666667	1	0.5	1	1	0	1	0	0	0	51.2483405483406	63.736297036297	0	0
267	Cefuroxime	4	13	1	0.448275862068966	2	0.666666666666667	1	1	1	0	1	0	0.161290322580645	59.5169996669997	90.6816174022056	90.021423021423	123.230086580087
268	Cephaloridine	5	19	1	0.678571428571429	3	0.75	1	1	2	0	1	0	0.354838709677419	54.6629981129981	84.7618149738119	175.468353206821	111.533893883894
269	Cefoxitin	4	13	1	0.464285714285714	2	0.666666666666667	1	1	1	0	1	0	0.166666666666667	55.7231934731935	87.5689189895072	84.2208125208125	115.519802419802
270	Cefoxitin	4	13	1	0.464285714285714	2	0.666666666666667	1	1	1	0	1	0	0.166666666666667	55.7231934731935	87.5689189895072	84.2208125208125	115.519802419802
271	LY097964	4	13	1	0.5	2	0.666666666666667	1	1	1	0	1	0	0.178571428571429	50.6785076035076	78.3930732666027	79.2462814962815	107.715659340659
272	Nocardicin B	3	16	0	0.444444444444444	3	1	1	0	2	0	0	2	0.315789473684211	107.942091242091	0	303.674900520876	0
273	Ceftizoxime	4	13	1	0.52	2	0.666666666666667	1	1	1	0	1	0	0.185185185185185	48.2023171273171	74.6701295436589	76.222471972472	103.310897435897
274	Piperacillin	5	19	1	0.527777777777778	3	0.75	1	1	2	1	0	1	0.153846153846154	80.0789478495361	100.94659343924	273.72191904243	0
275	Aztreonam	2	9	0	0.321428571428571	2	1	1	1	0	0	0	0	0.172413793103448	84.4721861471861	97.4690476190476	0	0
276	Cefoxitin	4	13	1	0.464285714285714	2	0.666666666666667	1	1	1	0	1	0	0.166666666666667	55.7231934731935	87.5689189895072	84.2208125208125	115.519802419802
277	Ceftriaxone	5	19	1	0.527777777777778	3	0.75	1	1	2	0	1	0	0.128205128205128	76.693808968809	114.739874797807	245.173871458779	155.269178044178
278	Cefacetrile	3	8	1	0.347826086956522	1	0.5	1	0	1	0	1	0	0	45.4692640692641	0	67.768253968254	93.2196248196248
279	Cephalosporin C	3	8	1	0.296296296296296	1	0.5	1	0	1	0	1	0	0	56.7561993561994	0	85.7270396270396	117.481951381951
280	Cyclacillin	4	13	1	0.565217391304348	2	0.666666666666667	1	1	1	1	0	0	0	44.1790431790432	55.6591741591742	77.739849039849	0
281	Cefazolin	5	18	1	0.620689655172414	3	0.75	1	2	1	0	1	0	0.3125	58.6643967143967	176.089932161062	86.8286657786658	119.259978909979
282	Cephalosporin C	3	8	1	0.296296296296296	1	0.5	1	0	1	0	1	0	0	56.7561993561994	0	85.7270396270396	117.481951381951
283	Ceftazidime	5	19	1	0.513513513513513	3	0.75	1	1	2	0	1	0	0.275	79.4706321456322	120.041180053177	255.660299276747	163.511913086913
284	LY097964	4	13	1	0.5	2	0.666666666666667	1	1	1	0	1	0	0.178571428571429	50.6785076035076	78.3930732666027	79.2462814962815	107.715659340659
285	LY097964	4	13	1	0.5	2	0.666666666666667	1	1	1	0	1	0	0.178571428571429	50.6785076035076	78.3930732666027	79.2462814962815	107.715659340659
286	Aztreonam	2	9	0	0.321428571428571	2	1	1	1	0	0	0	0	0.172413793103448	84.4721861471861	97.4690476190476	0	0
287	Ofloxacin	8	18	3	0.730769230769231	2	0.5	0	0	4	0	0	1	0.206896551724138	0	0	210.135178804683	0
288	Cefacetrile	3	8	1	0.347826086956522	1	0.5	1	0	1	0	1	0	0	45.4692640692641	0	67.768253968254	93.2196248196248
289	Cephaloridine	5	19	1	0.678571428571429	3	0.75	1	1	2	0	1	0	0.354838709677419	54.6629981129981	84.7618149738119	175.468353206821	111.533893883894
290	LY097964	4	13	1	0.5	2	0.666666666666667	1	1	1	0	1	0	0.178571428571429	50.6785076035076	78.3930732666027	79.2462814962815	107.715659340659
291	Ceftizoxime	4	13	1	0.52	2	0.666666666666667	1	1	1	0	1	0	0.185185185185185	48.2023171273171	74.6701295436589	76.222471972472	103.310897435897
292	Aztreonam	2	9	0	0.321428571428571	2	1	1	1	0	0	0	0	0.172413793103448	84.4721861471861	97.4690476190476	0	0
293	Ceftizoxime	4	13	1	0.52	2	0.666666666666667	1	1	1	0	1	0	0.185185185185185	48.2023171273171	74.6701295436589	76.222471972472	103.310897435897
294	Ceftriaxone	5	19	1	0.527777777777778	3	0.75	1	1	2	0	1	0	0.128205128205128	76.693808968809	114.739874797807	245.173871458779	155.269178044178
295	Nocardicin B	3	16	0	0.444444444444444	3	1	1	0	2	0	0	2	0.315789473684211	107.942091242091	0	303.674900520876	0
296	Cefotaxime	4	13	1	0.433333333333333	2	0.666666666666667	1	1	1	0	1	0	0.15625	62.1015234765235	93.9816174022056	94.0620823620824	128.679079254079
297	Cefuroxime	4	13	1	0.448275862068966	2	0.666666666666667	1	1	1	0	1	0	0.161290322580645	59.5169996669997	90.6816174022056	90.021423021423	123.230086580087
298	Cefmetazole	4	13	1	0.433333333333333	2	0.666666666666667	1	1	1	0	1	0	0.15625	61.6687090687091	91.6476095971452	90.826554001554	125.425815850816
299	Cefacetrile	3	8	1	0.347826086956522	1	0.5	1	0	1	0	1	0	0	45.4692640692641	0	67.768253968254	93.2196248196248
300	Aztreonam	2	9	0	0.321428571428571	2	1	1	1	0	0	0	0	0.172413793103448	84.4721861471861	97.4690476190476	0	0
301	Ceftriaxone	5	19	1	0.527777777777778	3	0.75	1	1	2	0	1	0	0.128205128205128	76.693808968809	114.739874797807	245.173871458779	155.269178044178
302	Cephalexin	4	14	1	0.583333333333333	2	0.666666666666667	1	0	2	0	1	1	0.230769230769231	44.8081085581086	0	153.259998824705	95.4293095793096
303	Carbenicillin	4	13	1	0.5	2	0.666666666666667	1	1	1	1	0	1	0.214285714285714	53.1631979131979	66.7111444111444	93.9125426860721	0
304	Ceftizoxime	4	13	1	0.52	2	0.666666666666667	1	1	1	0	1	0	0.185185185185185	48.2023171273171	74.6701295436589	76.222471972472	103.310897435897
305	Ceftriaxone	5	19	1	0.527777777777778	3	0.75	1	1	2	0	1	0	0.128205128205128	76.693808968809	114.739874797807	245.173871458779	155.269178044178
306	Moxalactam	5	19	1	0.527777777777778	3	0.75	1	1	2	0	1	1	0.282051282051282	75.0388278388279	113.138033990433	247.562226663347	154.103948828949
307	Cephaloridine	5	19	1	0.678571428571429	3	0.75	1	1	2	0	1	0	0.354838709677419	54.6629981129981	84.7618149738119	175.468353206821	111.533893883894
308	Ceftizoxime	4	13	1	0.52	2	0.666666666666667	1	1	1	0	1	0	0.185185185185185	48.2023171273171	74.6701295436589	76.222471972472	103.310897435897
309	Ceftizoxime	4	13	1	0.52	2	0.666666666666667	1	1	1	0	1	0	0.185185185185185	48.2023171273171	74.6701295436589	76.222471972472	103.310897435897
310	Cephalexin	4	14	1	0.583333333333333	2	0.666666666666667	1	0	2	0	1	1	0.230769230769231	44.8081085581086	0	153.259998824705	95.4293095793096
311	Cephalosporin C	3	8	1	0.296296296296296	1	0.5	1	0	1	0	1	0	0	56.7561993561994	0	85.7270396270396	117.481951381951
312	Ampicillin	4	13	1	0.541666666666667	2	0.666666666666667	1	1	1	1	0	1	0.230769230769231	47.5813797313797	59.7656898656899	85.0553998289292	0
313	Sulbenicillin	4	13	1	0.481481481481481	2	0.666666666666667	1	1	1	1	0	1	0.206896551724138	55.954107004107	70.1838716838717	98.3411141146435	0
314	Cefotaxime	4	13	1	0.433333333333333	2	0.666666666666667	1	1	1	0	1	0	0.15625	62.1015234765235	93.9816174022056	94.0620823620824	128.679079254079
315	Cephalosporin C	3	8	1	0.296296296296296	1	0.5	1	0	1	0	1	0	0	56.7561993561994	0	85.7270396270396	117.481951381951
316	Ceftriaxone	5	19	1	0.527777777777778	3	0.75	1	1	2	0	1	0	0.128205128205128	76.693808968809	114.739874797807	245.173871458779	155.269178044178
317	LY097964	4	13	1	0.5	2	0.666666666666667	1	1	1	0	1	0	0.178571428571429	50.6785076035076	78.3930732666027	79.2462814962815	107.715659340659
318	Carbenicillin	4	13	1	0.5	2	0.666666666666667	1	1	1	1	0	1	0.214285714285714	53.1631979131979	66.7111444111444	93.9125426860721	0
319	Cefazolin	5	18	1	0.620689655172414	3	0.75	1	2	1	0	1	0	0.3125	58.6643967143967	176.089932161062	86.8286657786658	119.259978909979
320	Aztreonam	2	9	0	0.321428571428571	2	1	1	1	0	0	0	0	0.172413793103448	84.4721861471861	97.4690476190476	0	0
321	LY097964	4	13	1	0.5	2	0.666666666666667	1	1	1	0	1	0	0.178571428571429	50.6785076035076	78.3930732666027	79.2462814962815	107.715659340659
322	Aztreonam	2	9	0	0.321428571428571	2	1	1	1	0	0	0	0	0.172413793103448	84.4721861471861	97.4690476190476	0	0
323	Nocardicin B	3	16	0	0.444444444444444	3	1	1	0	2	0	0	2	0.315789473684211	107.942091242091	0	303.674900520876	0
324	Cephaloglycin	4	14	1	0.5	2	0.666666666666667	1	0	2	0	1	1	0.2	56.2311244311244	0	186.48076109477	116.39272949273
325	Cephalexin	4	14	1	0.583333333333333	2	0.666666666666667	1	0	2	0	1	1	0.230769230769231	44.8081085581086	0	153.259998824705	95.4293095793096
326	LY097964	4	13	1	0.5	2	0.666666666666667	1	1	1	0	1	0	0.178571428571429	50.6785076035076	78.3930732666027	79.2462814962815	107.715659340659
327	Cephalexin	4	14	1	0.583333333333333	2	0.666666666666667	1	0	2	0	1	1	0.230769230769231	44.8081085581086	0	153.259998824705	95.4293095793096
328	Moxalactam	5	19	1	0.527777777777778	3	0.75	1	1	2	0	1	1	0.282051282051282	75.0388278388279	113.138033990433	247.562226663347	154.103948828949
329	LY097964	4	13	1	0.5	2	0.666666666666667	1	1	1	0	1	0	0.178571428571429	50.6785076035076	78.3930732666027	79.2462814962815	107.715659340659
330	Cephaloglycin	4	14	1	0.5	2	0.666666666666667	1	0	2	0	1	1	0.2	56.2311244311244	0	186.48076109477	116.39272949273
331	BL-S217	4	14	1	0.482758620689655	2	0.666666666666667	1	0	2	0	1	0	0.193548387096774	59.9694974959681	0	198.840223648041	123.931978479037
332	Ceftizoxime	4	13	1	0.52	2	0.666666666666667	1	1	1	0	1	0	0.185185185185185	48.2023171273171	74.6701295436589	76.222471972472	103.310897435897
333	Moxalactam	5	19	1	0.527777777777778	3	0.75	1	1	2	0	1	1	0.282051282051282	75.0388278388279	113.138033990433	247.562226663347	154.103948828949
334	Aztreonam	2	9	0	0.321428571428571	2	1	1	1	0	0	0	0	0.172413793103448	84.4721861471861	97.4690476190476	0	0
335	LY097964	4	13	1	0.5	2	0.666666666666667	1	1	1	0	1	0	0.178571428571429	50.6785076035076	78.3930732666027	79.2462814962815	107.715659340659
336	Cephalothin	4	13	1	0.5	2	0.666666666666667	1	1	1	0	1	0	0.178571428571429	51.6279553779554	79.3078078783961	77.8795426795427	106.595199245199
337	Cefoxitin	4	13	1	0.464285714285714	2	0.666666666666667	1	1	1	0	1	0	0.166666666666667	55.7231934731935	87.5689189895072	84.2208125208125	115.519802419802
338	Cefacetrile	3	8	1	0.347826086956522	1	0.5	1	0	1	0	1	0	0	45.4692640692641	0	67.768253968254	93.2196248196248
339	Moxalactam	5	19	1	0.527777777777778	3	0.75	1	1	2	0	1	1	0.282051282051282	75.0388278388279	113.138033990433	247.562226663347	154.103948828949
340	Cefazolin	5	18	1	0.620689655172414	3	0.75	1	2	1	0	1	0	0.3125	58.6643967143967	176.089932161062	86.8286657786658	119.259978909979
341	Ampicillin	4	13	1	0.541666666666667	2	0.666666666666667	1	1	1	1	0	1	0.230769230769231	47.5813797313797	59.7656898656899	85.0553998289292	0
342	Cefaclor	4	14	1	0.583333333333333	2	0.666666666666667	1	0	2	0	1	1	0.230769230769231	44.8081085581086	0	153.259998824705	95.4293095793096
343	Aztreonam	2	9	0	0.321428571428571	2	1	1	1	0	0	0	0	0.172413793103448	84.4721861471861	97.4690476190476	0	0
344	Carbenicillin	4	13	1	0.5	2	0.666666666666667	1	1	1	1	0	1	0.214285714285714	53.1631979131979	66.7111444111444	93.9125426860721	0
345	Cephalosporin C	3	8	1	0.296296296296296	1	0.5	1	0	1	0	1	0	0	56.7561993561994	0	85.7270396270396	117.481951381951
346	Ceftazidime	5	19	1	0.513513513513513	3	0.75	1	1	2	0	1	0	0.275	79.4706321456322	120.041180053177	255.660299276747	163.511913086913
347	Cefamandole	5	19	1	0.612903225806452	3	0.75	1	1	2	0	1	1	0.323529411764706	62.7565767565768	93.7874597280944	206.288511489632	127.998992673993
348	Aztreonam	2	9	0	0.321428571428571	2	1	1	1	0	0	0	0	0.172413793103448	84.4721861471861	97.4690476190476	0	0
349	Ofloxacin	8	18	3	0.730769230769231	2	0.5	0	0	4	0	0	1	0.206896551724138	0	0	210.135178804683	0
350	Cefmetazole	4	13	1	0.433333333333333	2	0.666666666666667	1	1	1	0	1	0	0.15625	61.6687090687091	91.6476095971452	90.826554001554	125.425815850816
351	Penicillin N	3	7	1	0.291666666666667	1	0.5	1	1	0	1	0	0	0	51.2483405483406	63.736297036297	0	0
352	Carbenicillin	4	13	1	0.5	2	0.666666666666667	1	1	1	1	0	1	0.214285714285714	53.1631979131979	66.7111444111444	93.9125426860721	0
353	Ceftizoxime	4	13	1	0.52	2	0.666666666666667	1	1	1	0	1	0	0.185185185185185	48.2023171273171	74.6701295436589	76.222471972472	103.310897435897
354	Cefazolin	5	18	1	0.620689655172414	3	0.75	1	2	1	0	1	0	0.3125	58.6643967143967	176.089932161062	86.8286657786658	119.259978909979
355	Moxalactam	5	19	1	0.527777777777778	3	0.75	1	1	2	0	1	1	0.282051282051282	75.0388278388279	113.138033990433	247.562226663347	154.103948828949
356	Moxalactam	5	19	1	0.527777777777778	3	0.75	1	1	2	0	1	1	0.282051282051282	75.0388278388279	113.138033990433	247.562226663347	154.103948828949
357	Carbenicillin	4	13	1	0.5	2	0.666666666666667	1	1	1	1	0	1	0.214285714285714	53.1631979131979	66.7111444111444	93.9125426860721	0
358	Cephaloridine	5	19	1	0.678571428571429	3	0.75	1	1	2	0	1	0	0.354838709677419	54.6629981129981	84.7618149738119	175.468353206821	111.533893883894
359	Aztreonam	2	9	0	0.321428571428571	2	1	1	1	0	0	0	0	0.172413793103448	84.4721861471861	97.4690476190476	0	0
360	Ampicillin	4	13	1	0.541666666666667	2	0.666666666666667	1	1	1	1	0	1	0.230769230769231	47.5813797313797	59.7656898656899	85.0553998289292	0
361	Sulbenicillin	4	13	1	0.481481481481481	2	0.666666666666667	1	1	1	1	0	1	0.206896551724138	55.954107004107	70.1838716838717	98.3411141146435	0
362	LY097964	4	13	1	0.5	2	0.666666666666667	1	1	1	0	1	0	0.178571428571429	50.6785076035076	78.3930732666027	79.2462814962815	107.715659340659
363	Cefotaxime	4	13	1	0.433333333333333	2	0.666666666666667	1	1	1	0	1	0	0.15625	62.1015234765235	93.9816174022056	94.0620823620824	128.679079254079
364	Carbenicillin	4	13	1	0.5	2	0.666666666666667	1	1	1	1	0	1	0.214285714285714	53.1631979131979	66.7111444111444	93.9125426860721	0
365	Penicillin N	3	7	1	0.291666666666667	1	0.5	1	1	0	1	0	0	0	51.2483405483406	63.736297036297	0	0
366	LY097964	4	13	1	0.5	2	0.666666666666667	1	1	1	0	1	0	0.178571428571429	50.6785076035076	78.3930732666027	79.2462814962815	107.715659340659
367	Nocardicin B	3	16	0	0.444444444444444	3	1	1	0	2	0	0	2	0.315789473684211	107.942091242091	0	303.674900520876	0
368	Cephalosporin C	3	8	1	0.296296296296296	1	0.5	1	0	1	0	1	0	0	56.7561993561994	0	85.7270396270396	117.481951381951
369	Nocardicin B	3	16	0	0.444444444444444	3	1	1	0	2	0	0	2	0.315789473684211	107.942091242091	0	303.674900520876	0
370	Nocardicin B	3	16	0	0.444444444444444	3	1	1	0	2	0	0	2	0.315789473684211	107.942091242091	0	303.674900520876	0
371	LY097964	4	13	1	0.5	2	0.666666666666667	1	1	1	0	1	0	0.178571428571429	50.6785076035076	78.3930732666027	79.2462814962815	107.715659340659
372	Cefamandole	5	19	1	0.612903225806452	3	0.75	1	1	2	0	1	1	0.323529411764706	62.7565767565768	93.7874597280944	206.288511489632	127.998992673993
373	Sulbenicillin	4	13	1	0.481481481481481	2	0.666666666666667	1	1	1	1	0	1	0.206896551724138	55.954107004107	70.1838716838717	98.3411141146435	0
374	Sulbenicillin	4	13	1	0.481481481481481	2	0.666666666666667	1	1	1	1	0	1	0.206896551724138	55.954107004107	70.1838716838717	98.3411141146435	0
375	LY097964	4	13	1	0.5	2	0.666666666666667	1	1	1	0	1	0	0.178571428571429	50.6785076035076	78.3930732666027	79.2462814962815	107.715659340659
376	Carbenicillin	4	13	1	0.5	2	0.666666666666667	1	1	1	1	0	1	0.214285714285714	53.1631979131979	66.7111444111444	93.9125426860721	0
377	Ceftazidime	5	19	1	0.513513513513513	3	0.75	1	1	2	0	1	0	0.275	79.4706321456322	120.041180053177	255.660299276747	163.511913086913
378	Moxalactam	5	19	1	0.527777777777778	3	0.75	1	1	2	0	1	1	0.282051282051282	75.0388278388279	113.138033990433	247.562226663347	154.103948828949
379	Cephaloglycin	4	14	1	0.5	2	0.666666666666667	1	0	2	0	1	1	0.2	56.2311244311244	0	186.48076109477	116.39272949273
380	Cefazolin	5	18	1	0.620689655172414	3	0.75	1	2	1	0	1	0	0.3125	58.6643967143967	176.089932161062	86.8286657786658	119.259978909979
381	Penicillin N	3	7	1	0.291666666666667	1	0.5	1	1	0	1	0	0	0	51.2483405483406	63.736297036297	0	0
382	Aztreonam	2	9	0	0.321428571428571	2	1	1	1	0	0	0	0	0.172413793103448	84.4721861471861	97.4690476190476	0	0
383	Nocardicin B	3	16	0	0.444444444444444	3	1	1	0	2	0	0	2	0.315789473684211	107.942091242091	0	303.674900520876	0
384	Ceftriaxone	5	19	1	0.527777777777778	3	0.75	1	1	2	0	1	0	0.128205128205128	76.693808968809	114.739874797807	245.173871458779	155.269178044178
385	Cephaloridine	5	19	1	0.678571428571429	3	0.75	1	1	2	0	1	0	0.354838709677419	54.6629981129981	84.7618149738119	175.468353206821	111.533893883894
386	Cefotaxime	4	13	1	0.433333333333333	2	0.666666666666667	1	1	1	0	1	0	0.15625	62.1015234765235	93.9816174022056	94.0620823620824	128.679079254079
387	Cefmetazole	4	13	1	0.433333333333333	2	0.666666666666667	1	1	1	0	1	0	0.15625	61.6687090687091	91.6476095971452	90.826554001554	125.425815850816
388	Aztreonam	2	9	0	0.321428571428571	2	1	1	1	0	0	0	0	0.172413793103448	84.4721861471861	97.4690476190476	0	0
389	Piperacillin	5	19	1	0.527777777777778	3	0.75	1	1	2	1	0	1	0.153846153846154	80.0789478495361	100.94659343924	273.72191904243	0
390	Aztreonam	2	9	0	0.321428571428571	2	1	1	1	0	0	0	0	0.172413793103448	84.4721861471861	97.4690476190476	0	0
391	Cefotaxime	4	13	1	0.433333333333333	2	0.666666666666667	1	1	1	0	1	0	0.15625	62.1015234765235	93.9816174022056	94.0620823620824	128.679079254079
392	Moxalactam	5	19	1	0.527777777777778	3	0.75	1	1	2	0	1	1	0.282051282051282	75.0388278388279	113.138033990433	247.562226663347	154.103948828949
393	Sulbenicillin	4	13	1	0.481481481481481	2	0.666666666666667	1	1	1	1	0	1	0.206896551724138	55.954107004107	70.1838716838717	98.3411141146435	0
394	Ampicillin	4	13	1	0.541666666666667	2	0.666666666666667	1	1	1	1	0	1	0.230769230769231	47.5813797313797	59.7656898656899	85.0553998289292	0
395	Ceftazidime	5	19	1	0.513513513513513	3	0.75	1	1	2	0	1	0	0.275	79.4706321456322	120.041180053177	255.660299276747	163.511913086913
396	Cefazolin	5	18	1	0.620689655172414	3	0.75	1	2	1	0	1	0	0.3125	58.6643967143967	176.089932161062	86.8286657786658	119.259978909979
397	LY097964	4	13	1	0.5	2	0.666666666666667	1	1	1	0	1	0	0.178571428571429	50.6785076035076	78.3930732666027	79.2462814962815	107.715659340659
398	Aztreonam	2	9	0	0.321428571428571	2	1	1	1	0	0	0	0	0.172413793103448	84.4721861471861	97.4690476190476	0	0
399	Nocardicin B	3	16	0	0.444444444444444	3	1	1	0	2	0	0	2	0.315789473684211	107.942091242091	0	303.674900520876	0
400	Cefacetrile	3	8	1	0.347826086956522	1	0.5	1	0	1	0	1	0	0	45.4692640692641	0	67.768253968254	93.2196248196248
401	Ceftizoxime	4	13	1	0.52	2	0.666666666666667	1	1	1	0	1	0	0.185185185185185	48.2023171273171	74.6701295436589	76.222471972472	103.310897435897
402	Cefotaxime	4	13	1	0.433333333333333	2	0.666666666666667	1	1	1	0	1	0	0.15625	62.1015234765235	93.9816174022056	94.0620823620824	128.679079254079
403	Cefmetazole	4	13	1	0.433333333333333	2	0.666666666666667	1	1	1	0	1	0	0.15625	61.6687090687091	91.6476095971452	90.826554001554	125.425815850816
404	BL-S217	4	14	1	0.482758620689655	2	0.666666666666667	1	0	2	0	1	0	0.193548387096774	59.9694974959681	0	198.840223648041	123.931978479037
405	Ceftriaxone	5	19	1	0.527777777777778	3	0.75	1	1	2	0	1	0	0.128205128205128	76.693808968809	114.739874797807	245.173871458779	155.269178044178
406	Ceftriaxone	5	19	1	0.527777777777778	3	0.75	1	1	2	0	1	0	0.128205128205128	76.693808968809	114.739874797807	245.173871458779	155.269178044178
407	Cefaclor	4	14	1	0.583333333333333	2	0.666666666666667	1	0	2	0	1	1	0.230769230769231	44.8081085581086	0	153.259998824705	95.4293095793096
408	Cefotaxime	4	13	1	0.433333333333333	2	0.666666666666667	1	1	1	0	1	0	0.15625	62.1015234765235	93.9816174022056	94.0620823620824	128.679079254079
409	Piperacillin	5	19	1	0.527777777777778	3	0.75	1	1	2	1	0	1	0.153846153846154	80.0789478495361	100.94659343924	273.72191904243	0
410	Carbenicillin	4	13	1	0.5	2	0.666666666666667	1	1	1	1	0	1	0.214285714285714	53.1631979131979	66.7111444111444	93.9125426860721	0
411	Penicillin N	3	7	1	0.291666666666667	1	0.5	1	1	0	1	0	0	0	51.2483405483406	63.736297036297	0	0
412	Moxalactam	5	19	1	0.527777777777778	3	0.75	1	1	2	0	1	1	0.282051282051282	75.0388278388279	113.138033990433	247.562226663347	154.103948828949
413	Ceftizoxime	4	13	1	0.52	2	0.666666666666667	1	1	1	0	1	0	0.185185185185185	48.2023171273171	74.6701295436589	76.222471972472	103.310897435897
414	Penicillin N	3	7	1	0.291666666666667	1	0.5	1	1	0	1	0	0	0	51.2483405483406	63.736297036297	0	0
415	Carbenicillin	4	13	1	0.5	2	0.666666666666667	1	1	1	1	0	1	0.214285714285714	53.1631979131979	66.7111444111444	93.9125426860721	0
416	Cefoxitin	4	13	1	0.464285714285714	2	0.666666666666667	1	1	1	0	1	0	0.166666666666667	55.7231934731935	87.5689189895072	84.2208125208125	115.519802419802
417	Cefazolin	5	18	1	0.620689655172414	3	0.75	1	2	1	0	1	0	0.3125	58.6643967143967	176.089932161062	86.8286657786658	119.259978909979
418	Cephalothin	4	13	1	0.5	2	0.666666666666667	1	1	1	0	1	0	0.178571428571429	51.6279553779554	79.3078078783961	77.8795426795427	106.595199245199
419	Penicillin N	3	7	1	0.291666666666667	1	0.5	1	1	0	1	0	0	0	51.2483405483406	63.736297036297	0	0
420	Cefoxitin	4	13	1	0.464285714285714	2	0.666666666666667	1	1	1	0	1	0	0.166666666666667	55.7231934731935	87.5689189895072	84.2208125208125	115.519802419802
421	Ceftizoxime	4	13	1	0.52	2	0.666666666666667	1	1	1	0	1	0	0.185185185185185	48.2023171273171	74.6701295436589	76.222471972472	103.310897435897
422	LY097964	4	13	1	0.5	2	0.666666666666667	1	1	1	0	1	0	0.178571428571429	50.6785076035076	78.3930732666027	79.2462814962815	107.715659340659
423	Cefamandole	5	19	1	0.612903225806452	3	0.75	1	1	2	0	1	1	0.323529411764706	62.7565767565768	93.7874597280944	206.288511489632	127.998992673993
424	Cefaclor	4	14	1	0.583333333333333	2	0.666666666666667	1	0	2	0	1	1	0.230769230769231	44.8081085581086	0	153.259998824705	95.4293095793096
425	Cefamandole	5	19	1	0.612903225806452	3	0.75	1	1	2	0	1	1	0.323529411764706	62.7565767565768	93.7874597280944	206.288511489632	127.998992673993
426	Penicillin N	3	7	1	0.291666666666667	1	0.5	1	1	0	1	0	0	0	51.2483405483406	63.736297036297	0	0
427	Cefotaxime	4	13	1	0.433333333333333	2	0.666666666666667	1	1	1	0	1	0	0.15625	62.1015234765235	93.9816174022056	94.0620823620824	128.679079254079
428	Cefoxitin	4	13	1	0.464285714285714	2	0.666666666666667	1	1	1	0	1	0	0.166666666666667	55.7231934731935	87.5689189895072	84.2208125208125	115.519802419802
429	Cephalothin	4	13	1	0.5	2	0.666666666666667	1	1	1	0	1	0	0.178571428571429	51.6279553779554	79.3078078783961	77.8795426795427	106.595199245199
430	Cefuroxime	4	13	1	0.448275862068966	2	0.666666666666667	1	1	1	0	1	0	0.161290322580645	59.5169996669997	90.6816174022056	90.021423021423	123.230086580087
431	Nocardicin B	3	16	0	0.444444444444444	3	1	1	0	2	0	0	2	0.315789473684211	107.942091242091	0	303.674900520876	0
432	Cephaloglycin	4	14	1	0.5	2	0.666666666666667	1	0	2	0	1	1	0.2	56.2311244311244	0	186.48076109477	116.39272949273
433	Ofloxacin	8	18	3	0.730769230769231	2	0.5	0	0	4	0	0	1	0.206896551724138	0	0	210.135178804683	0
434	Ceftizoxime	4	13	1	0.52	2	0.666666666666667	1	1	1	0	1	0	0.185185185185185	48.2023171273171	74.6701295436589	76.222471972472	103.310897435897
435	Ceftizoxime	4	13	1	0.52	2	0.666666666666667	1	1	1	0	1	0	0.185185185185185	48.2023171273171	74.6701295436589	76.222471972472	103.310897435897
436	Cephalexin	4	14	1	0.583333333333333	2	0.666666666666667	1	0	2	0	1	1	0.230769230769231	44.8081085581086	0	153.259998824705	95.4293095793096
437	Cephalexin	4	14	1	0.583333333333333	2	0.666666666666667	1	0	2	0	1	1	0.230769230769231	44.8081085581086	0	153.259998824705	95.4293095793096
438	Sulbenicillin	4	13	1	0.481481481481481	2	0.666666666666667	1	1	1	1	0	1	0.206896551724138	55.954107004107	70.1838716838717	98.3411141146435	0
439	Piperacillin	5	19	1	0.527777777777778	3	0.75	1	1	2	1	0	1	0.153846153846154	80.0789478495361	100.94659343924	273.72191904243	0
440	Cephaloglycin	4	14	1	0.5	2	0.666666666666667	1	0	2	0	1	1	0.2	56.2311244311244	0	186.48076109477	116.39272949273
441	Cephalexin	4	14	1	0.583333333333333	2	0.666666666666667	1	0	2	0	1	1	0.230769230769231	44.8081085581086	0	153.259998824705	95.4293095793096
442	Cephaloridine	5	19	1	0.678571428571429	3	0.75	1	1	2	0	1	0	0.354838709677419	54.6629981129981	84.7618149738119	175.468353206821	111.533893883894
443	Ampicillin	4	13	1	0.541666666666667	2	0.666666666666667	1	1	1	1	0	1	0.230769230769231	47.5813797313797	59.7656898656899	85.0553998289292	0
444	Cefotaxime	4	13	1	0.433333333333333	2	0.666666666666667	1	1	1	0	1	0	0.15625	62.1015234765235	93.9816174022056	94.0620823620824	128.679079254079
445	Cefoxitin	4	13	1	0.464285714285714	2	0.666666666666667	1	1	1	0	1	0	0.166666666666667	55.7231934731935	87.5689189895072	84.2208125208125	115.519802419802
446	Cefotaxime	4	13	1	0.433333333333333	2	0.666666666666667	1	1	1	0	1	0	0.15625	62.1015234765235	93.9816174022056	94.0620823620824	128.679079254079
447	Cefotaxime	4	13	1	0.433333333333333	2	0.666666666666667	1	1	1	0	1	0	0.15625	62.1015234765235	93.9816174022056	94.0620823620824	128.679079254079
448	Cefmetazole	4	13	1	0.433333333333333	2	0.666666666666667	1	1	1	0	1	0	0.15625	61.6687090687091	91.6476095971452	90.826554001554	125.425815850816
449	Carbenicillin	4	13	1	0.5	2	0.666666666666667	1	1	1	1	0	1	0.214285714285714	53.1631979131979	66.7111444111444	93.9125426860721	0
450	Piperacillin	5	19	1	0.527777777777778	3	0.75	1	1	2	1	0	1	0.153846153846154	80.0789478495361	100.94659343924	273.72191904243	0
451	Cefotaxime	4	13	1	0.433333333333333	2	0.666666666666667	1	1	1	0	1	0	0.15625	62.1015234765235	93.9816174022056	94.0620823620824	128.679079254079
452	Sulbenicillin	4	13	1	0.481481481481481	2	0.666666666666667	1	1	1	1	0	1	0.206896551724138	55.954107004107	70.1838716838717	98.3411141146435	0
453	Nalidixic acid	3	10	1	0.588235294117647	1	0.5	0	0	2	0	0	0	0.333333333333333	0	0	75.4715728715729	0
454	Ampicillin	4	13	1	0.541666666666667	2	0.666666666666667	1	1	1	1	0	1	0.230769230769231	47.5813797313797	59.7656898656899	85.0553998289292	0
455	Nalidixic acid	3	10	1	0.588235294117647	1	0.5	0	0	2	0	0	0	0.333333333333333	0	0	75.4715728715729	0
456	Penicillin N	3	7	1	0.291666666666667	1	0.5	1	1	0	1	0	0	0	51.2483405483406	63.736297036297	0	0
457	Cephaloglycin	4	14	1	0.5	2	0.666666666666667	1	0	2	0	1	1	0.2	56.2311244311244	0	186.48076109477	116.39272949273
458	Cefotaxime	4	13	1	0.433333333333333	2	0.666666666666667	1	1	1	0	1	0	0.15625	62.1015234765235	93.9816174022056	94.0620823620824	128.679079254079
459	Ceftriaxone	5	19	1	0.527777777777778	3	0.75	1	1	2	0	1	0	0.128205128205128	76.693808968809	114.739874797807	245.173871458779	155.269178044178
460	Nalidixic acid	3	10	1	0.588235294117647	1	0.5	0	0	2	0	0	0	0.333333333333333	0	0	75.4715728715729	0
461	Carbenicillin	4	13	1	0.5	2	0.666666666666667	1	1	1	1	0	1	0.214285714285714	53.1631979131979	66.7111444111444	93.9125426860721	0
462	Cephalothin	4	13	1	0.5	2	0.666666666666667	1	1	1	0	1	0	0.178571428571429	51.6279553779554	79.3078078783961	77.8795426795427	106.595199245199
463	Piperacillin	5	19	1	0.527777777777778	3	0.75	1	1	2	1	0	1	0.153846153846154	80.0789478495361	100.94659343924	273.72191904243	0
464	Penicillin N	3	7	1	0.291666666666667	1	0.5	1	1	0	1	0	0	0	51.2483405483406	63.736297036297	0	0
465	Cefoxitin	4	13	1	0.464285714285714	2	0.666666666666667	1	1	1	0	1	0	0.166666666666667	55.7231934731935	87.5689189895072	84.2208125208125	115.519802419802
466	Cefamandole	5	19	1	0.612903225806452	3	0.75	1	1	2	0	1	1	0.323529411764706	62.7565767565768	93.7874597280944	206.288511489632	127.998992673993
467	Carbenicillin	4	13	1	0.5	2	0.666666666666667	1	1	1	1	0	1	0.214285714285714	53.1631979131979	66.7111444111444	93.9125426860721	0
468	Sulbenicillin	4	13	1	0.481481481481481	2	0.666666666666667	1	1	1	1	0	1	0.206896551724138	55.954107004107	70.1838716838717	98.3411141146435	0
469	Ceftriaxone	5	19	1	0.527777777777778	3	0.75	1	1	2	0	1	0	0.128205128205128	76.693808968809	114.739874797807	245.173871458779	155.269178044178
470	Cefotaxime	4	13	1	0.433333333333333	2	0.666666666666667	1	1	1	0	1	0	0.15625	62.1015234765235	93.9816174022056	94.0620823620824	128.679079254079
471	Penicillin N	3	7	1	0.291666666666667	1	0.5	1	1	0	1	0	0	0	51.2483405483406	63.736297036297	0	0
472	Nocardicin B	3	16	0	0.444444444444444	3	1	1	0	2	0	0	2	0.315789473684211	107.942091242091	0	303.674900520876	0
473	Cefotaxime	4	13	1	0.433333333333333	2	0.666666666666667	1	1	1	0	1	0	0.15625	62.1015234765235	93.9816174022056	94.0620823620824	128.679079254079
474	Ampicillin	4	13	1	0.541666666666667	2	0.666666666666667	1	1	1	1	0	1	0.230769230769231	47.5813797313797	59.7656898656899	85.0553998289292	0
475	Cefotaxime	4	13	1	0.433333333333333	2	0.666666666666667	1	1	1	0	1	0	0.15625	62.1015234765235	93.9816174022056	94.0620823620824	128.679079254079
476	Cephalothin	4	13	1	0.5	2	0.666666666666667	1	1	1	0	1	0	0.178571428571429	51.6279553779554	79.3078078783961	77.8795426795427	106.595199245199
477	LY097964	4	13	1	0.5	2	0.666666666666667	1	1	1	0	1	0	0.178571428571429	50.6785076035076	78.3930732666027	79.2462814962815	107.715659340659
478	Cephalexin	4	14	1	0.583333333333333	2	0.666666666666667	1	0	2	0	1	1	0.230769230769231	44.8081085581086	0	153.259998824705	95.4293095793096
479	Ceftriaxone	5	19	1	0.527777777777778	3	0.75	1	1	2	0	1	0	0.128205128205128	76.693808968809	114.739874797807	245.173871458779	155.269178044178
480	Sulbenicillin	4	13	1	0.481481481481481	2	0.666666666666667	1	1	1	1	0	1	0.206896551724138	55.954107004107	70.1838716838717	98.3411141146435	0
481	Moxalactam	5	19	1	0.527777777777778	3	0.75	1	1	2	0	1	1	0.282051282051282	75.0388278388279	113.138033990433	247.562226663347	154.103948828949
482	Nalidixic acid	3	10	1	0.588235294117647	1	0.5	0	0	2	0	0	0	0.333333333333333	0	0	75.4715728715729	0
483	Cephalothin	4	13	1	0.5	2	0.666666666666667	1	1	1	0	1	0	0.178571428571429	51.6279553779554	79.3078078783961	77.8795426795427	106.595199245199
484	Cephalothin	4	13	1	0.5	2	0.666666666666667	1	1	1	0	1	0	0.178571428571429	51.6279553779554	79.3078078783961	77.8795426795427	106.595199245199
485	Cefamandole	5	19	1	0.612903225806452	3	0.75	1	1	2	0	1	1	0.323529411764706	62.7565767565768	93.7874597280944	206.288511489632	127.998992673993
486	Cefotaxime	4	13	1	0.433333333333333	2	0.666666666666667	1	1	1	0	1	0	0.15625	62.1015234765235	93.9816174022056	94.0620823620824	128.679079254079
487	Cefmetazole	4	13	1	0.433333333333333	2	0.666666666666667	1	1	1	0	1	0	0.15625	61.6687090687091	91.6476095971452	90.826554001554	125.425815850816
488	Cefmetazole	4	13	1	0.433333333333333	2	0.666666666666667	1	1	1	0	1	0	0.15625	61.6687090687091	91.6476095971452	90.826554001554	125.425815850816
489	Ampicillin	4	13	1	0.541666666666667	2	0.666666666666667	1	1	1	1	0	1	0.230769230769231	47.5813797313797	59.7656898656899	85.0553998289292	0
490	Nalidixic acid	3	10	1	0.588235294117647	1	0.5	0	0	2	0	0	0	0.333333333333333	0	0	75.4715728715729	0
491	Cefotaxime	4	13	1	0.433333333333333	2	0.666666666666667	1	1	1	0	1	0	0.15625	62.1015234765235	93.9816174022056	94.0620823620824	128.679079254079
492	Ceftizoxime	4	13	1	0.52	2	0.666666666666667	1	1	1	0	1	0	0.185185185185185	48.2023171273171	74.6701295436589	76.222471972472	103.310897435897
493	Nalidixic acid	3	10	1	0.588235294117647	1	0.5	0	0	2	0	0	0	0.333333333333333	0	0	75.4715728715729	0
494	Cefmetazole	4	13	1	0.433333333333333	2	0.666666666666667	1	1	1	0	1	0	0.15625	61.6687090687091	91.6476095971452	90.826554001554	125.425815850816
495	Cefaclor	4	14	1	0.583333333333333	2	0.666666666666667	1	0	2	0	1	1	0.230769230769231	44.8081085581086	0	153.259998824705	95.4293095793096
496	Ampicillin	4	13	1	0.541666666666667	2	0.666666666666667	1	1	1	1	0	1	0.230769230769231	47.5813797313797	59.7656898656899	85.0553998289292	0
497	Piperacillin	5	19	1	0.527777777777778	3	0.75	1	1	2	1	0	1	0.153846153846154	80.0789478495361	100.94659343924	273.72191904243	0
498	Nocardicin B	3	16	0	0.444444444444444	3	1	1	0	2	0	0	2	0.315789473684211	107.942091242091	0	303.674900520876	0
499	Nalidixic acid	3	10	1	0.588235294117647	1	0.5	0	0	2	0	0	0	0.333333333333333	0	0	75.4715728715729	0
500	Nocardicin B	3	16	0	0.444444444444444	3	1	1	0	2	0	0	2	0.315789473684211	107.942091242091	0	303.674900520876	0
501	Nalidixic acid	3	10	1	0.588235294117647	1	0.5	0	0	2	0	0	0	0.333333333333333	0	0	75.4715728715729	0
502	Piperacillin	5	19	1	0.527777777777778	3	0.75	1	1	2	1	0	1	0.153846153846154	80.0789478495361	100.94659343924	273.72191904243	0
503	LY097964	4	13	1	0.5	2	0.666666666666667	1	1	1	0	1	0	0.178571428571429	50.6785076035076	78.3930732666027	79.2462814962815	107.715659340659
504	LY097964	4	13	1	0.5	2	0.666666666666667	1	1	1	0	1	0	0.178571428571429	50.6785076035076	78.3930732666027	79.2462814962815	107.715659340659
505	Cefotaxime	4	13	1	0.433333333333333	2	0.666666666666667	1	1	1	0	1	0	0.15625	62.1015234765235	93.9816174022056	94.0620823620824	128.679079254079
506	Cefuroxime	4	13	1	0.448275862068966	2	0.666666666666667	1	1	1	0	1	0	0.161290322580645	59.5169996669997	90.6816174022056	90.021423021423	123.230086580087
507	Nalidixic acid	3	10	1	0.588235294117647	1	0.5	0	0	2	0	0	0	0.333333333333333	0	0	75.4715728715729	0
508	Cephalothin	4	13	1	0.5	2	0.666666666666667	1	1	1	0	1	0	0.178571428571429	51.6279553779554	79.3078078783961	77.8795426795427	106.595199245199
509	Ceftazidime	5	19	1	0.513513513513513	3	0.75	1	1	2	0	1	0	0.275	79.4706321456322	120.041180053177	255.660299276747	163.511913086913
510	Cefaclor	4	14	1	0.583333333333333	2	0.666666666666667	1	0	2	0	1	1	0.230769230769231	44.8081085581086	0	153.259998824705	95.4293095793096
511	Piperacillin	5	19	1	0.527777777777778	3	0.75	1	1	2	1	0	1	0.153846153846154	80.0789478495361	100.94659343924	273.72191904243	0
512	Cefotaxime	4	13	1	0.433333333333333	2	0.666666666666667	1	1	1	0	1	0	0.15625	62.1015234765235	93.9816174022056	94.0620823620824	128.679079254079
513	Cephalothin	4	13	1	0.5	2	0.666666666666667	1	1	1	0	1	0	0.178571428571429	51.6279553779554	79.3078078783961	77.8795426795427	106.595199245199
514	Cefoxitin	4	13	1	0.464285714285714	2	0.666666666666667	1	1	1	0	1	0	0.166666666666667	55.7231934731935	87.5689189895072	84.2208125208125	115.519802419802
515	Ceftazidime	5	19	1	0.513513513513513	3	0.75	1	1	2	0	1	0	0.275	79.4706321456322	120.041180053177	255.660299276747	163.511913086913
516	Piperacillin	5	19	1	0.527777777777778	3	0.75	1	1	2	1	0	1	0.153846153846154	80.0789478495361	100.94659343924	273.72191904243	0
517	Cefmetazole	4	13	1	0.433333333333333	2	0.666666666666667	1	1	1	0	1	0	0.15625	61.6687090687091	91.6476095971452	90.826554001554	125.425815850816
518	Aztreonam	2	9	0	0.321428571428571	2	1	1	1	0	0	0	0	0.172413793103448	84.4721861471861	97.4690476190476	0	0
519	Cefamandole	5	19	1	0.612903225806452	3	0.75	1	1	2	0	1	1	0.323529411764706	62.7565767565768	93.7874597280944	206.288511489632	127.998992673993
520	Nalidixic acid	3	10	1	0.588235294117647	1	0.5	0	0	2	0	0	0	0.333333333333333	0	0	75.4715728715729	0
521	Cefoxitin	4	13	1	0.464285714285714	2	0.666666666666667	1	1	1	0	1	0	0.166666666666667	55.7231934731935	87.5689189895072	84.2208125208125	115.519802419802
522	Ceftriaxone	5	19	1	0.527777777777778	3	0.75	1	1	2	0	1	0	0.128205128205128	76.693808968809	114.739874797807	245.173871458779	155.269178044178
523	Nalidixic acid	3	10	1	0.588235294117647	1	0.5	0	0	2	0	0	0	0.333333333333333	0	0	75.4715728715729	0
524	Nalidixic acid	3	10	1	0.588235294117647	1	0.5	0	0	2	0	0	0	0.333333333333333	0	0	75.4715728715729	0
525	Cefamandole	5	19	1	0.612903225806452	3	0.75	1	1	2	0	1	1	0.323529411764706	62.7565767565768	93.7874597280944	206.288511489632	127.998992673993
526	Sulbenicillin	4	13	1	0.481481481481481	2	0.666666666666667	1	1	1	1	0	1	0.206896551724138	55.954107004107	70.1838716838717	98.3411141146435	0
527	BL-S217	4	14	1	0.482758620689655	2	0.666666666666667	1	0	2	0	1	0	0.193548387096774	59.9694974959681	0	198.840223648041	123.931978479037
528	Cefotaxime	4	13	1	0.433333333333333	2	0.666666666666667	1	1	1	0	1	0	0.15625	62.1015234765235	93.9816174022056	94.0620823620824	128.679079254079
529	Cefaclor	4	14	1	0.583333333333333	2	0.666666666666667	1	0	2	0	1	1	0.230769230769231	44.8081085581086	0	153.259998824705	95.4293095793096
530	Cefotaxime	4	13	1	0.433333333333333	2	0.666666666666667	1	1	1	0	1	0	0.15625	62.1015234765235	93.9816174022056	94.0620823620824	128.679079254079
531	Nocardicin B	3	16	0	0.444444444444444	3	1	1	0	2	0	0	2	0.315789473684211	107.942091242091	0	303.674900520876	0
532	Piperacillin	5	19	1	0.527777777777778	3	0.75	1	1	2	1	0	1	0.153846153846154	80.0789478495361	100.94659343924	273.72191904243	0
533	Cefmetazole	4	13	1	0.433333333333333	2	0.666666666666667	1	1	1	0	1	0	0.15625	61.6687090687091	91.6476095971452	90.826554001554	125.425815850816
534	Ceftriaxone	5	19	1	0.527777777777778	3	0.75	1	1	2	0	1	0	0.128205128205128	76.693808968809	114.739874797807	245.173871458779	155.269178044178
535	Sulbenicillin	4	13	1	0.481481481481481	2	0.666666666666667	1	1	1	1	0	1	0.206896551724138	55.954107004107	70.1838716838717	98.3411141146435	0
536	Cefuroxime	4	13	1	0.448275862068966	2	0.666666666666667	1	1	1	0	1	0	0.161290322580645	59.5169996669997	90.6816174022056	90.021423021423	123.230086580087
537	Ceftizoxime	4	13	1	0.52	2	0.666666666666667	1	1	1	0	1	0	0.185185185185185	48.2023171273171	74.6701295436589	76.222471972472	103.310897435897
538	Ceftizoxime	4	13	1	0.52	2	0.666666666666667	1	1	1	0	1	0	0.185185185185185	48.2023171273171	74.6701295436589	76.222471972472	103.310897435897
539	LY097964	4	13	1	0.5	2	0.666666666666667	1	1	1	0	1	0	0.178571428571429	50.6785076035076	78.3930732666027	79.2462814962815	107.715659340659
540	Piperacillin	5	19	1	0.527777777777778	3	0.75	1	1	2	1	0	1	0.153846153846154	80.0789478495361	100.94659343924	273.72191904243	0
541	BL-S217	4	14	1	0.482758620689655	2	0.666666666666667	1	0	2	0	1	0	0.193548387096774	59.9694974959681	0	198.840223648041	123.931978479037
542	Cephalothin	4	13	1	0.5	2	0.666666666666667	1	1	1	0	1	0	0.178571428571429	51.6279553779554	79.3078078783961	77.8795426795427	106.595199245199
543	Piperacillin	5	19	1	0.527777777777778	3	0.75	1	1	2	1	0	1	0.153846153846154	80.0789478495361	100.94659343924	273.72191904243	0
544	Cefaclor	4	14	1	0.583333333333333	2	0.666666666666667	1	0	2	0	1	1	0.230769230769231	44.8081085581086	0	153.259998824705	95.4293095793096
545	Nalidixic acid	3	10	1	0.588235294117647	1	0.5	0	0	2	0	0	0	0.333333333333333	0	0	75.4715728715729	0
546	BL-S217	4	14	1	0.482758620689655	2	0.666666666666667	1	0	2	0	1	0	0.193548387096774	59.9694974959681	0	198.840223648041	123.931978479037
547	Cefuroxime	4	13	1	0.448275862068966	2	0.666666666666667	1	1	1	0	1	0	0.161290322580645	59.5169996669997	90.6816174022056	90.021423021423	123.230086580087
548	Nalidixic acid	3	10	1	0.588235294117647	1	0.5	0	0	2	0	0	0	0.333333333333333	0	0	75.4715728715729	0
549	Piperacillin	5	19	1	0.527777777777778	3	0.75	1	1	2	1	0	1	0.153846153846154	80.0789478495361	100.94659343924	273.72191904243	0
550	Cephaloglycin	4	14	1	0.5	2	0.666666666666667	1	0	2	0	1	1	0.2	56.2311244311244	0	186.48076109477	116.39272949273
551	Nocardicin B	3	16	0	0.444444444444444	3	1	1	0	2	0	0	2	0.315789473684211	107.942091242091	0	303.674900520876	0
552	Nalidixic acid	3	10	1	0.588235294117647	1	0.5	0	0	2	0	0	0	0.333333333333333	0	0	75.4715728715729	0
553	LY097964	4	13	1	0.5	2	0.666666666666667	1	1	1	0	1	0	0.178571428571429	50.6785076035076	78.3930732666027	79.2462814962815	107.715659340659
554	BL-S217	4	14	1	0.482758620689655	2	0.666666666666667	1	0	2	0	1	0	0.193548387096774	59.9694974959681	0	198.840223648041	123.931978479037
555	Piperacillin	5	19	1	0.527777777777778	3	0.75	1	1	2	1	0	1	0.153846153846154	80.0789478495361	100.94659343924	273.72191904243	0
556	Cephalosporin C	3	8	1	0.296296296296296	1	0.5	1	0	1	0	1	0	0	56.7561993561994	0	85.7270396270396	117.481951381951
557	Cefoxitin	4	13	1	0.464285714285714	2	0.666666666666667	1	1	1	0	1	0	0.166666666666667	55.7231934731935	87.5689189895072	84.2208125208125	115.519802419802
558	BL-S217	4	14	1	0.482758620689655	2	0.666666666666667	1	0	2	0	1	0	0.193548387096774	59.9694974959681	0	198.840223648041	123.931978479037
559	BL-S217	4	14	1	0.482758620689655	2	0.666666666666667	1	0	2	0	1	0	0.193548387096774	59.9694974959681	0	198.840223648041	123.931978479037
560	Nocardicin B	3	16	0	0.444444444444444	3	1	1	0	2	0	0	2	0.315789473684211	107.942091242091	0	303.674900520876	0
561	Cephaloglycin	4	14	1	0.5	2	0.666666666666667	1	0	2	0	1	1	0.2	56.2311244311244	0	186.48076109477	116.39272949273
562	Cephaloglycin	4	14	1	0.5	2	0.666666666666667	1	0	2	0	1	1	0.2	56.2311244311244	0	186.48076109477	116.39272949273
563	Cephalothin	4	13	1	0.5	2	0.666666666666667	1	1	1	0	1	0	0.178571428571429	51.6279553779554	79.3078078783961	77.8795426795427	106.595199245199
564	BL-S217	4	14	1	0.482758620689655	2	0.666666666666667	1	0	2	0	1	0	0.193548387096774	59.9694974959681	0	198.840223648041	123.931978479037
565	Cefotaxime	4	13	1	0.433333333333333	2	0.666666666666667	1	1	1	0	1	0	0.15625	62.1015234765235	93.9816174022056	94.0620823620824	128.679079254079
566	Ceftriaxone	5	19	1	0.527777777777778	3	0.75	1	1	2	0	1	0	0.128205128205128	76.693808968809	114.739874797807	245.173871458779	155.269178044178
567	Cephalothin	4	13	1	0.5	2	0.666666666666667	1	1	1	0	1	0	0.178571428571429	51.6279553779554	79.3078078783961	77.8795426795427	106.595199245199
568	Cefotaxime	4	13	1	0.433333333333333	2	0.666666666666667	1	1	1	0	1	0	0.15625	62.1015234765235	93.9816174022056	94.0620823620824	128.679079254079
569	Cephalothin	4	13	1	0.5	2	0.666666666666667	1	1	1	0	1	0	0.178571428571429	51.6279553779554	79.3078078783961	77.8795426795427	106.595199245199
570	Cephalothin	4	13	1	0.5	2	0.666666666666667	1	1	1	0	1	0	0.178571428571429	51.6279553779554	79.3078078783961	77.8795426795427	106.595199245199
