No.	NAME	nCp	nCs	nCt	nCrs	nCrt	nCar	nCb-	nCconj	nR=Cs	nR=Ct	nRCOOR	nArCONH2	nRCONR2	nROCON	nCONN	nArCNO	nRNH2	nArNH2	nArNR2	nN+	nNq	nROH	nArOH	nOHs	nROR	nArOR	nRSR	nSO3	nFuranes	nThiophenes	nPyridines	nHBonds
1	Ceftriaxone	0	1	0	1	0	3	0	8	1	1	0	0	1	0	0	1	0	1	0	0	0	0	0	0	0	0	2	0	0	0	0	0
2	Nocardicin B	0	4	0	1	0	12	4	2	0	0	0	0	1	0	0	1	0	0	0	1	1	1	1	0	0	1	0	0	0	0	0	1
3	BL-S217	1	1	0	1	0	5	0	3	1	1	1	0	1	0	0	0	0	0	0	1	0	0	0	0	0	0	2	0	0	0	1	0
4	Nocardicin B	0	4	0	1	0	12	4	2	0	0	0	0	1	0	0	1	0	0	0	1	1	1	1	0	0	1	0	0	0	0	0	1
5	Ceftazidime	2	1	1	1	0	8	0	5	1	1	0	0	1	0	0	1	0	1	0	1	0	0	0	0	0	0	1	0	0	0	1	0
6	Cefoperazone	1	2	0	1	0	7	2	5	1	1	0	0	2	0	1	0	0	0	0	0	0	0	1	0	0	0	2	0	0	0	0	2
7	SCE-796	0	1	1	1	0	11	1	4	1	1	0	1	1	0	0	0	0	0	0	1	0	0	0	0	0	0	1	0	0	0	1	0
8	Imipenem	1	3	1	2	1	0	0	3	2	0	0	0	1	0	0	0	1	0	0	1	0	1	0	1	0	0	1	0	0	0	0	0
9	Ceftazidime	2	1	1	1	0	8	0	5	1	1	0	0	1	0	0	1	0	1	0	1	0	0	0	0	0	0	1	0	0	0	1	1
10	Ceftazidime	2	1	1	1	0	8	0	5	1	1	0	0	1	0	0	1	0	1	0	1	0	0	0	0	0	0	1	0	0	0	1	1
11	Cefoperazone	1	2	0	1	0	7	2	5	1	1	0	0	2	0	1	0	0	0	0	0	0	0	1	0	0	0	2	0	0	0	0	1
12	Cefsulodin	0	2	0	1	0	11	1	4	1	1	0	1	1	0	0	0	0	0	0	1	0	0	0	0	0	0	1	1	0	0	1	0
13	SCE-796	0	1	1	1	0	11	1	4	1	1	0	1	1	0	0	0	0	0	0	1	0	0	0	0	0	0	1	0	0	0	1	0
14	Cefsulodin	0	2	0	1	0	11	1	4	1	1	0	1	1	0	0	0	0	0	0	1	0	0	0	0	0	0	1	1	0	0	1	0
15	Cefsulodin	0	2	0	1	0	11	1	4	1	1	0	1	1	0	0	0	0	0	0	1	0	0	0	0	0	0	1	1	0	0	1	0
16	Imipenem	1	3	1	2	1	0	0	3	2	0	0	0	1	0	0	0	1	0	0	1	0	1	0	1	0	0	1	0	0	0	0	0
17	Ceftazidime	2	1	1	1	0	8	0	5	1	1	0	0	1	0	0	1	0	1	0	1	0	0	0	0	0	0	1	0	0	0	1	0
18	Cefsulodin	0	2	0	1	0	11	1	4	1	1	0	1	1	0	0	0	0	0	0	1	0	0	0	0	0	0	1	1	0	0	1	0
19	Cefsulodin	0	2	0	1	0	11	1	4	1	1	0	1	1	0	0	0	0	0	0	1	0	0	0	0	0	0	1	1	0	0	1	0
20	Nocardicin B	0	4	0	1	0	12	4	2	0	0	0	0	1	0	0	1	0	0	0	1	1	1	1	0	0	1	0	0	0	0	0	2
21	Imipenem	1	3	1	2	1	0	0	3	2	0	0	0	1	0	0	0	1	0	0	1	0	1	0	1	0	0	1	0	0	0	0	0
22	Imipenem	1	3	1	2	1	0	0	3	2	0	0	0	1	0	0	0	1	0	0	1	0	1	0	1	0	0	1	0	0	0	0	0
23	Imipenem	1	3	1	2	1	0	0	3	2	0	0	0	1	0	0	0	1	0	0	1	0	1	0	1	0	0	1	0	0	0	0	0
24	Imipenem	1	3	1	2	1	0	0	3	2	0	0	0	1	0	0	0	1	0	0	1	0	1	0	1	0	0	1	0	0	0	0	0
25	Imipenem	1	3	1	2	1	0	0	3	2	0	0	0	1	0	0	0	1	0	0	1	0	1	0	1	0	0	1	0	0	0	0	0
26	Cyclacillin	2	7	2	7	2	0	0	0	0	0	0	0	1	0	0	0	0	0	0	1	1	0	0	0	0	0	1	0	0	0	0	2
27	Imipenem	1	3	1	2	1	0	0	3	2	0	0	0	1	0	0	0	1	0	0	1	0	1	0	1	0	0	1	0	0	0	0	0
28	Ceftazidime	2	1	1	1	0	8	0	5	1	1	0	0	1	0	0	1	0	1	0	1	0	0	0	0	0	0	1	0	0	0	1	0
29	Ceftazidime	2	1	1	1	0	8	0	5	1	1	0	0	1	0	0	1	0	1	0	1	0	0	0	0	0	0	1	0	0	0	1	1
30	Cefoperazone	1	2	0	1	0	7	2	5	1	1	0	0	2	0	1	0	0	0	0	0	0	0	1	0	0	0	2	0	0	0	0	1
31	Ceftazidime	2	1	1	1	0	8	0	5	1	1	0	0	1	0	0	1	0	1	0	1	0	0	0	0	0	0	1	0	0	0	1	0
32	Cefoperazone	1	2	0	1	0	7	2	5	1	1	0	0	2	0	1	0	0	0	0	0	0	0	1	0	0	0	2	0	0	0	0	1
33	Ceftazidime	2	1	1	1	0	8	0	5	1	1	0	0	1	0	0	1	0	1	0	1	0	0	0	0	0	0	1	0	0	0	1	0
34	Imipenem	1	3	1	2	1	0	0	3	2	0	0	0	1	0	0	0	1	0	0	1	0	1	0	1	0	0	1	0	0	0	0	0
35	Cefoperazone	1	2	0	1	0	7	2	5	1	1	0	0	2	0	1	0	0	0	0	0	0	0	1	0	0	0	2	0	0	0	0	0
36	Ceftazidime	2	1	1	1	0	8	0	5	1	1	0	0	1	0	0	1	0	1	0	1	0	0	0	0	0	0	1	0	0	0	1	1
37	Ceftriaxone	0	1	0	1	0	3	0	8	1	1	0	0	1	0	0	1	0	1	0	0	0	0	0	0	0	0	2	0	0	0	0	0
38	Ceftazidime	2	1	1	1	0	8	0	5	1	1	0	0	1	0	0	1	0	1	0	1	0	0	0	0	0	0	1	0	0	0	1	0
39	Cefsulodin	0	2	0	1	0	11	1	4	1	1	0	1	1	0	0	0	0	0	0	1	0	0	0	0	0	0	1	1	0	0	1	0
40	Ceftazidime	2	1	1	1	0	8	0	5	1	1	0	0	1	0	0	1	0	1	0	1	0	0	0	0	0	0	1	0	0	0	1	0
41	Nocardicin B	0	4	0	1	0	12	4	2	0	0	0	0	1	0	0	1	0	0	0	1	1	1	1	0	0	1	0	0	0	0	0	2
42	Cyclacillin	2	7	2	7	2	0	0	0	0	0	0	0	1	0	0	0	0	0	0	1	1	0	0	0	0	0	1	0	0	0	0	0
43	Cefuroxime	0	1	0	1	0	4	0	5	1	1	0	0	1	1	0	1	0	0	0	0	0	0	0	0	0	0	1	0	1	0	0	0
44	Cefuroxime	0	1	0	1	0	4	0	5	1	1	0	0	1	1	0	1	0	0	0	0	0	0	0	0	0	0	1	0	1	0	0	1
45	Cefuroxime	0	1	0	1	0	4	0	5	1	1	0	0	1	1	0	1	0	0	0	0	0	0	0	0	0	0	1	0	1	0	0	0
46	Imipenem	1	3	1	2	1	0	0	3	2	0	0	0	1	0	0	0	1	0	0	1	0	1	0	1	0	0	1	0	0	0	0	0
47	Cefmetazole	0	1	0	1	0	1	0	3	1	1	0	0	1	0	0	0	0	0	0	0	0	0	0	0	1	0	3	0	0	0	0	0
48	Ceftazidime	2	1	1	1	0	8	0	5	1	1	0	0	1	0	0	1	0	1	0	1	0	0	0	0	0	0	1	0	0	0	1	1
49	Cefoperazone	1	2	0	1	0	7	2	5	1	1	0	0	2	0	1	0	0	0	0	0	0	0	1	0	0	0	2	0	0	0	0	1
50	Imipenem	1	3	1	2	1	0	0	3	2	0	0	0	1	0	0	0	1	0	0	1	0	1	0	1	0	0	1	0	0	0	0	0
51	Ofloxacin	1	1	0	1	0	6	5	4	0	1	0	0	0	0	0	0	0	0	2	1	1	0	0	0	0	1	0	0	0	0	0	0
52	Nocardicin B	0	4	0	1	0	12	4	2	0	0	0	0	1	0	0	1	0	0	0	1	1	1	1	0	0	1	0	0	0	0	0	2
53	SCE-796	0	1	1	1	0	11	1	4	1	1	0	1	1	0	0	0	0	0	0	1	0	0	0	0	0	0	1	0	0	0	1	0
54	Cefsulodin	0	2	0	1	0	11	1	4	1	1	0	1	1	0	0	0	0	0	0	1	0	0	0	0	0	0	1	1	0	0	1	0
55	SCE-796	0	1	1	1	0	11	1	4	1	1	0	1	1	0	0	0	0	0	0	1	0	0	0	0	0	0	1	0	0	0	1	0
56	Ceftazidime	2	1	1	1	0	8	0	5	1	1	0	0	1	0	0	1	0	1	0	1	0	0	0	0	0	0	1	0	0	0	1	1
57	Cefoperazone	1	2	0	1	0	7	2	5	1	1	0	0	2	0	1	0	0	0	0	0	0	0	1	0	0	0	2	0	0	0	0	1
58	Aztreonam	3	2	1	2	0	3	0	2	0	0	0	0	0	0	0	1	0	1	0	0	0	0	0	0	0	0	0	1	0	0	0	0
59	Imipenem	1	3	1	2	1	0	0	3	2	0	0	0	1	0	0	0	1	0	0	1	0	1	0	1	0	0	1	0	0	0	0	0
60	Moxalactam	0	1	1	1	0	7	2	3	1	1	0	0	1	0	0	0	0	0	0	0	0	0	1	0	2	0	1	0	0	0	0	1
61	SCE-796	0	1	1	1	0	11	1	4	1	1	0	1	1	0	0	0	0	0	0	1	0	0	0	0	0	0	1	0	0	0	1	0
62	Imipenem	1	3	1	2	1	0	0	3	2	0	0	0	1	0	0	0	1	0	0	1	0	1	0	1	0	0	1	0	0	0	0	0
63	Imipenem	1	3	1	2	1	0	0	3	2	0	0	0	1	0	0	0	1	0	0	1	0	1	0	1	0	0	1	0	0	0	0	0
64	Cefoxitin	0	2	0	1	0	4	0	3	1	1	0	0	1	1	0	0	0	0	0	0	0	0	0	0	1	0	1	0	0	1	0	0
65	Nocardicin B	0	4	0	1	0	12	4	2	0	0	0	0	1	0	0	1	0	0	0	1	1	1	1	0	0	1	0	0	0	0	0	2
66	Cefuroxime	0	1	0	1	0	4	0	5	1	1	0	0	1	1	0	1	0	0	0	0	0	0	0	0	0	0	1	0	1	0	0	1
67	Cefamandole	0	2	0	1	0	7	1	3	1	1	0	0	1	0	0	0	0	0	0	0	0	1	0	1	0	0	2	0	0	0	0	0
68	SCE-796	0	1	1	1	0	11	1	4	1	1	0	1	1	0	0	0	0	0	0	1	0	0	0	0	0	0	1	0	0	0	1	0
69	Cephalexin	1	2	0	1	0	6	1	3	1	1	0	0	1	0	0	0	1	0	0	0	0	0	0	0	0	0	1	0	0	0	0	0
70	Imipenem	1	3	1	2	1	0	0	3	2	0	0	0	1	0	0	0	1	0	0	1	0	1	0	1	0	0	1	0	0	0	0	0
71	Cefamandole	0	2	0	1	0	7	1	3	1	1	0	0	1	0	0	0	0	0	0	0	0	1	0	1	0	0	2	0	0	0	0	0
72	Moxalactam	0	1	1	1	0	7	2	3	1	1	0	0	1	0	0	0	0	0	0	0	0	0	1	0	2	0	1	0	0	0	0	1
73	Nocardicin B	0	4	0	1	0	12	4	2	0	0	0	0	1	0	0	1	0	0	0	1	1	1	1	0	0	1	0	0	0	0	0	1
74	Cefoperazone	1	2	0	1	0	7	2	5	1	1	0	0	2	0	1	0	0	0	0	0	0	0	1	0	0	0	2	0	0	0	0	2
75	SCE-796	0	1	1	1	0	11	1	4	1	1	0	1	1	0	0	0	0	0	0	1	0	0	0	0	0	0	1	0	0	0	1	0
76	BL-S217	1	1	0	1	0	5	0	3	1	1	1	0	1	0	0	0	0	0	0	1	0	0	0	0	0	0	2	0	0	0	1	0
77	Imipenem	1	3	1	2	1	0	0	3	2	0	0	0	1	0	0	0	1	0	0	1	0	1	0	1	0	0	1	0	0	0	0	0
78	Cyclacillin	2	7	2	7	2	0	0	0	0	0	0	0	1	0	0	0	0	0	0	1	1	0	0	0	0	0	1	0	0	0	0	2
79	Cefoperazone	1	2	0	1	0	7	2	5	1	1	0	0	2	0	1	0	0	0	0	0	0	0	1	0	0	0	2	0	0	0	0	2
80	Moxalactam	0	1	1	1	0	7	2	3	1	1	0	0	1	0	0	0	0	0	0	0	0	0	1	0	2	0	1	0	0	0	0	1
81	Imipenem	1	3	1	2	1	0	0	3	2	0	0	0	1	0	0	0	1	0	0	1	0	1	0	1	0	0	1	0	0	0	0	0
82	Cefmetazole	0	1	0	1	0	1	0	3	1	1	0	0	1	0	0	0	0	0	0	0	0	0	0	0	1	0	3	0	0	0	0	0
83	Cefotaxime	1	1	0	1	0	3	0	5	1	1	1	0	1	0	0	1	0	1	0	0	0	0	0	0	0	0	1	0	0	0	0	1
84	Cefsulodin	0	2	0	1	0	11	1	4	1	1	0	1	1	0	0	0	0	0	0	1	0	0	0	0	0	0	1	1	0	0	1	0
85	Ofloxacin	1	1	0	1	0	6	5	4	0	1	0	0	0	0	0	0	0	0	2	1	1	0	0	0	0	1	0	0	0	0	0	0
86	Cefuroxime	0	1	0	1	0	4	0	5	1	1	0	0	1	1	0	1	0	0	0	0	0	0	0	0	0	0	1	0	1	0	0	1
87	Cephaloglycin	1	2	0	1	0	6	1	3	1	1	1	0	1	0	0	0	1	0	0	0	0	0	0	0	0	0	1	0	0	0	0	0
88	Cefoperazone	1	2	0	1	0	7	2	5	1	1	0	0	2	0	1	0	0	0	0	0	0	0	1	0	0	0	2	0	0	0	0	2
89	Cefaclor	0	2	0	1	0	6	1	3	2	0	0	0	1	0	0	0	1	0	0	0	0	0	0	0	0	0	1	0	0	0	0	0
90	Cefaclor	0	2	0	1	0	6	1	3	2	0	0	0	1	0	0	0	1	0	0	0	0	0	0	0	0	0	1	0	0	0	0	1
91	Cefuroxime	0	1	0	1	0	4	0	5	1	1	0	0	1	1	0	1	0	0	0	0	0	0	0	0	0	0	1	0	1	0	0	1
92	Cephaloridine	0	2	0	1	0	9	0	3	1	1	0	0	1	0	0	0	0	0	0	1	0	0	0	0	0	0	1	0	0	1	1	0
93	Cefsulodin	0	2	0	1	0	11	1	4	1	1	0	1	1	0	0	0	0	0	0	1	0	0	0	0	0	0	1	1	0	0	1	0
94	Cefuroxime	0	1	0	1	0	4	0	5	1	1	0	0	1	1	0	1	0	0	0	0	0	0	0	0	0	0	1	0	1	0	0	0
95	Imipenem	1	3	1	2	1	0	0	3	2	0	0	0	1	0	0	0	1	0	0	1	0	1	0	1	0	0	1	0	0	0	0	0
96	BL-S217	1	1	0	1	0	5	0	3	1	1	1	0	1	0	0	0	0	0	0	1	0	0	0	0	0	0	2	0	0	0	1	0
97	Cephalosporin C	0	5	0	1	0	0	0	3	1	1	1	0	1	0	0	0	0	0	0	1	1	0	0	0	0	0	1	0	0	0	0	0
98	Ceftazidime	2	1	1	1	0	8	0	5	1	1	0	0	1	0	0	1	0	1	0	1	0	0	0	0	0	0	1	0	0	0	1	0
99	Imipenem	1	3	1	2	1	0	0	3	2	0	0	0	1	0	0	0	1	0	0	1	0	1	0	1	0	0	1	0	0	0	0	0
100	Cefotaxime	1	1	0	1	0	3	0	5	1	1	1	0	1	0	0	1	0	1	0	0	0	0	0	0	0	0	1	0	0	0	0	1
101	Cyclacillin	2	7	2	7	2	0	0	0	0	0	0	0	1	0	0	0	0	0	0	1	1	0	0	0	0	0	1	0	0	0	0	2
102	Cefoperazone	1	2	0	1	0	7	2	5	1	1	0	0	2	0	1	0	0	0	0	0	0	0	1	0	0	0	2	0	0	0	0	2
103	Cefsulodin	0	2	0	1	0	11	1	4	1	1	0	1	1	0	0	0	0	0	0	1	0	0	0	0	0	0	1	1	0	0	1	0
104	Cefmetazole	0	1	0	1	0	1	0	3	1	1	0	0	1	0	0	0	0	0	0	0	0	0	0	0	1	0	3	0	0	0	0	0
105	Ceftazidime	2	1	1	1	0	8	0	5	1	1	0	0	1	0	0	1	0	1	0	1	0	0	0	0	0	0	1	0	0	0	1	1
106	Imipenem	1	3	1	2	1	0	0	3	2	0	0	0	1	0	0	0	1	0	0	1	0	1	0	1	0	0	1	0	0	0	0	0
107	Nocardicin B	0	4	0	1	0	12	4	2	0	0	0	0	1	0	0	1	0	0	0	1	1	1	1	0	0	1	0	0	0	0	0	1
108	Cephalexin	1	2	0	1	0	6	1	3	1	1	0	0	1	0	0	0	1	0	0	0	0	0	0	0	0	0	1	0	0	0	0	0
109	Moxalactam	0	1	1	1	0	7	2	3	1	1	0	0	1	0	0	0	0	0	0	0	0	0	1	0	2	0	1	0	0	0	0	1
110	SCE-796	0	1	1	1	0	11	1	4	1	1	0	1	1	0	0	0	0	0	0	1	0	0	0	0	0	0	1	0	0	0	1	0
111	Cefuroxime	0	1	0	1	0	4	0	5	1	1	0	0	1	1	0	1	0	0	0	0	0	0	0	0	0	0	1	0	1	0	0	1
112	Cyclacillin	2	7	2	7	2	0	0	0	0	0	0	0	1	0	0	0	0	0	0	1	1	0	0	0	0	0	1	0	0	0	0	1
113	Cefuroxime	0	1	0	1	0	4	0	5	1	1	0	0	1	1	0	1	0	0	0	0	0	0	0	0	0	0	1	0	1	0	0	0
114	Cefuroxime	0	1	0	1	0	4	0	5	1	1	0	0	1	1	0	1	0	0	0	0	0	0	0	0	0	0	1	0	1	0	0	0
115	Cefaclor	0	2	0	1	0	6	1	3	2	0	0	0	1	0	0	0	1	0	0	0	0	0	0	0	0	0	1	0	0	0	0	0
116	Ceftriaxone	0	1	0	1	0	3	0	8	1	1	0	0	1	0	0	1	0	1	0	0	0	0	0	0	0	0	2	0	0	0	0	1
117	Cefuroxime	0	1	0	1	0	4	0	5	1	1	0	0	1	1	0	1	0	0	0	0	0	0	0	0	0	0	1	0	1	0	0	0
118	BL-S217	1	1	0	1	0	5	0	3	1	1	1	0	1	0	0	0	0	0	0	1	0	0	0	0	0	0	2	0	0	0	1	0
119	Ceftizoxime	0	1	0	1	0	3	0	5	2	0	0	0	1	0	0	1	0	1	0	0	0	0	0	0	0	0	1	0	0	0	0	0
120	Cyclacillin	2	7	2	7	2	0	0	0	0	0	0	0	1	0	0	0	0	0	0	1	1	0	0	0	0	0	1	0	0	0	0	2
121	Cephalexin	1	2	0	1	0	6	1	3	1	1	0	0	1	0	0	0	1	0	0	0	0	0	0	0	0	0	1	0	0	0	0	2
122	Nocardicin B	0	4	0	1	0	12	4	2	0	0	0	0	1	0	0	1	0	0	0	1	1	1	1	0	0	1	0	0	0	0	0	2
123	Cefamandole	0	2	0	1	0	7	1	3	1	1	0	0	1	0	0	0	0	0	0	0	0	1	0	1	0	0	2	0	0	0	0	0
124	Cefazolin	1	1	0	1	0	3	0	3	1	1	0	0	1	0	0	0	0	0	0	0	0	0	0	0	0	0	2	0	0	0	0	0
125	Cephalosporin C	0	5	0	1	0	0	0	3	1	1	1	0	1	0	0	0	0	0	0	1	1	0	0	0	0	0	1	0	0	0	0	1
126	Cefoxitin	0	2	0	1	0	4	0	3	1	1	0	0	1	1	0	0	0	0	0	0	0	0	0	0	1	0	1	0	0	1	0	0
127	Ceftazidime	2	1	1	1	0	8	0	5	1	1	0	0	1	0	0	1	0	1	0	1	0	0	0	0	0	0	1	0	0	0	1	1
128	Cyclacillin	2	7	2	7	2	0	0	0	0	0	0	0	1	0	0	0	0	0	0	1	1	0	0	0	0	0	1	0	0	0	0	2
129	Ceftriaxone	0	1	0	1	0	3	0	8	1	1	0	0	1	0	0	1	0	1	0	0	0	0	0	0	0	0	2	0	0	0	0	0
130	Cefuroxime	0	1	0	1	0	4	0	5	1	1	0	0	1	1	0	1	0	0	0	0	0	0	0	0	0	0	1	0	1	0	0	1
131	Cefuroxime	0	1	0	1	0	4	0	5	1	1	0	0	1	1	0	1	0	0	0	0	0	0	0	0	0	0	1	0	1	0	0	1
132	Imipenem	1	3	1	2	1	0	0	3	2	0	0	0	1	0	0	0	1	0	0	1	0	1	0	1	0	0	1	0	0	0	0	0
133	Ampicillin	2	3	1	2	1	6	1	0	0	0	0	0	1	0	0	0	1	0	0	0	0	0	0	0	0	0	1	0	0	0	0	1
134	Ceftazidime	2	1	1	1	0	8	0	5	1	1	0	0	1	0	0	1	0	1	0	1	0	0	0	0	0	0	1	0	0	0	1	1
135	Cefuroxime	0	1	0	1	0	4	0	5	1	1	0	0	1	1	0	1	0	0	0	0	0	0	0	0	0	0	1	0	1	0	0	0
136	Imipenem	1	3	1	2	1	0	0	3	2	0	0	0	1	0	0	0	1	0	0	1	0	1	0	1	0	0	1	0	0	0	0	0
137	Cephalosporin C	0	5	0	1	0	0	0	3	1	1	1	0	1	0	0	0	0	0	0	1	1	0	0	0	0	0	1	0	0	0	0	1
138	Ceftizoxime	0	1	0	1	0	3	0	5	2	0	0	0	1	0	0	1	0	1	0	0	0	0	0	0	0	0	1	0	0	0	0	1
139	Ceftriaxone	0	1	0	1	0	3	0	8	1	1	0	0	1	0	0	1	0	1	0	0	0	0	0	0	0	0	2	0	0	0	0	0
140	Cefazolin	1	1	0	1	0	3	0	3	1	1	0	0	1	0	0	0	0	0	0	0	0	0	0	0	0	0	2	0	0	0	0	0
141	Cephalosporin C	0	5	0	1	0	0	0	3	1	1	1	0	1	0	0	0	0	0	0	1	1	0	0	0	0	0	1	0	0	0	0	1
142	Imipenem	1	3	1	2	1	0	0	3	2	0	0	0	1	0	0	0	1	0	0	1	0	1	0	1	0	0	1	0	0	0	0	0
143	Cefacetrile	1	2	0	1	0	0	0	3	1	1	1	0	1	0	0	0	0	0	0	0	0	0	0	0	0	0	1	0	0	0	0	0
144	Nocardicin B	0	4	0	1	0	12	4	2	0	0	0	0	1	0	0	1	0	0	0	1	1	1	1	0	0	1	0	0	0	0	0	3
145	Cefuroxime	0	1	0	1	0	4	0	5	1	1	0	0	1	1	0	1	0	0	0	0	0	0	0	0	0	0	1	0	1	0	0	0
146	Aztreonam	3	2	1	2	0	3	0	2	0	0	0	0	0	0	0	1	0	1	0	0	0	0	0	0	0	0	0	1	0	0	0	0
147	Cefaclor	0	2	0	1	0	6	1	3	2	0	0	0	1	0	0	0	1	0	0	0	0	0	0	0	0	0	1	0	0	0	0	1
148	Aztreonam	3	2	1	2	0	3	0	2	0	0	0	0	0	0	0	1	0	1	0	0	0	0	0	0	0	0	0	1	0	0	0	0
149	LY097964	1	1	0	1	0	3	0	5	1	1	0	0	1	0	0	1	0	1	0	0	0	0	0	0	0	0	1	0	0	0	0	0
150	LY097964	1	1	0	1	0	3	0	5	1	1	0	0	1	0	0	1	0	1	0	0	0	0	0	0	0	0	1	0	0	0	0	1
151	Ceftazidime	2	1	1	1	0	8	0	5	1	1	0	0	1	0	0	1	0	1	0	1	0	0	0	0	0	0	1	0	0	0	1	0
152	Nocardicin B	0	4	0	1	0	12	4	2	0	0	0	0	1	0	0	1	0	0	0	1	1	1	1	0	0	1	0	0	0	0	0	1
153	Cefacetrile	1	2	0	1	0	0	0	3	1	1	1	0	1	0	0	0	0	0	0	0	0	0	0	0	0	0	1	0	0	0	0	0
154	Aztreonam	3	2	1	2	0	3	0	2	0	0	0	0	0	0	0	1	0	1	0	0	0	0	0	0	0	0	0	1	0	0	0	1
155	BL-S217	1	1	0	1	0	5	0	3	1	1	1	0	1	0	0	0	0	0	0	1	0	0	0	0	0	0	2	0	0	0	1	0
156	Ceftazidime	2	1	1	1	0	8	0	5	1	1	0	0	1	0	0	1	0	1	0	1	0	0	0	0	0	0	1	0	0	0	1	1
157	Cefuroxime	0	1	0	1	0	4	0	5	1	1	0	0	1	1	0	1	0	0	0	0	0	0	0	0	0	0	1	0	1	0	0	1
158	Cephaloglycin	1	2	0	1	0	6	1	3	1	1	1	0	1	0	0	0	1	0	0	0	0	0	0	0	0	0	1	0	0	0	0	2
159	Cefaclor	0	2	0	1	0	6	1	3	2	0	0	0	1	0	0	0	1	0	0	0	0	0	0	0	0	0	1	0	0	0	0	1
160	Cephaloglycin	1	2	0	1	0	6	1	3	1	1	1	0	1	0	0	0	1	0	0	0	0	0	0	0	0	0	1	0	0	0	0	2
161	Cyclacillin	2	7	2	7	2	0	0	0	0	0	0	0	1	0	0	0	0	0	0	1	1	0	0	0	0	0	1	0	0	0	0	0
162	Cephaloridine	0	2	0	1	0	9	0	3	1	1	0	0	1	0	0	0	0	0	0	1	0	0	0	0	0	0	1	0	0	1	1	0
163	Cefacetrile	1	2	0	1	0	0	0	3	1	1	1	0	1	0	0	0	0	0	0	0	0	0	0	0	0	0	1	0	0	0	0	0
164	Cephaloridine	0	2	0	1	0	9	0	3	1	1	0	0	1	0	0	0	0	0	0	1	0	0	0	0	0	0	1	0	0	1	1	0
165	Nocardicin B	0	4	0	1	0	12	4	2	0	0	0	0	1	0	0	1	0	0	0	1	1	1	1	0	0	1	0	0	0	0	0	1
166	SCE-796	0	1	1	1	0	11	1	4	1	1	0	1	1	0	0	0	0	0	0	1	0	0	0	0	0	0	1	0	0	0	1	0
167	Cephalosporin C	0	5	0	1	0	0	0	3	1	1	1	0	1	0	0	0	0	0	0	1	1	0	0	0	0	0	1	0	0	0	0	0
168	Cefacetrile	1	2	0	1	0	0	0	3	1	1	1	0	1	0	0	0	0	0	0	0	0	0	0	0	0	0	1	0	0	0	0	0
169	Cefuroxime	0	1	0	1	0	4	0	5	1	1	0	0	1	1	0	1	0	0	0	0	0	0	0	0	0	0	1	0	1	0	0	0
170	Cyclacillin	2	7	2	7	2	0	0	0	0	0	0	0	1	0	0	0	0	0	0	1	1	0	0	0	0	0	1	0	0	0	0	1
171	Cephaloridine	0	2	0	1	0	9	0	3	1	1	0	0	1	0	0	0	0	0	0	1	0	0	0	0	0	0	1	0	0	1	1	0
172	Cefuroxime	0	1	0	1	0	4	0	5	1	1	0	0	1	1	0	1	0	0	0	0	0	0	0	0	0	0	1	0	1	0	0	0
173	Cefotaxime	1	1	0	1	0	3	0	5	1	1	1	0	1	0	0	1	0	1	0	0	0	0	0	0	0	0	1	0	0	0	0	1
174	Aztreonam	3	2	1	2	0	3	0	2	0	0	0	0	0	0	0	1	0	1	0	0	0	0	0	0	0	0	0	1	0	0	0	0
175	Ceftazidime	2	1	1	1	0	8	0	5	1	1	0	0	1	0	0	1	0	1	0	1	0	0	0	0	0	0	1	0	0	0	1	1
176	Moxalactam	0	1	1	1	0	7	2	3	1	1	0	0	1	0	0	0	0	0	0	0	0	0	1	0	2	0	1	0	0	0	0	0
177	Ceftriaxone	0	1	0	1	0	3	0	8	1	1	0	0	1	0	0	1	0	1	0	0	0	0	0	0	0	0	2	0	0	0	0	0
178	Cefuroxime	0	1	0	1	0	4	0	5	1	1	0	0	1	1	0	1	0	0	0	0	0	0	0	0	0	0	1	0	1	0	0	0
179	Cyclacillin	2	7	2	7	2	0	0	0	0	0	0	0	1	0	0	0	0	0	0	1	1	0	0	0	0	0	1	0	0	0	0	2
180	Ofloxacin	1	1	0	1	0	6	5	4	0	1	0	0	0	0	0	0	0	0	2	1	1	0	0	0	0	1	0	0	0	0	0	0
181	Ceftizoxime	0	1	0	1	0	3	0	5	2	0	0	0	1	0	0	1	0	1	0	0	0	0	0	0	0	0	1	0	0	0	0	0
182	SCE-796	0	1	1	1	0	11	1	4	1	1	0	1	1	0	0	0	0	0	0	1	0	0	0	0	0	0	1	0	0	0	1	0
183	Penicillin N	2	6	1	2	1	0	0	0	0	0	0	0	1	0	0	0	0	0	0	1	1	0	0	0	0	0	1	0	0	0	0	1
184	Ceftazidime	2	1	1	1	0	8	0	5	1	1	0	0	1	0	0	1	0	1	0	1	0	0	0	0	0	0	1	0	0	0	1	1
185	Cefazolin	1	1	0	1	0	3	0	3	1	1	0	0	1	0	0	0	0	0	0	0	0	0	0	0	0	0	2	0	0	0	0	0
186	Ofloxacin	1	1	0	1	0	6	5	4	0	1	0	0	0	0	0	0	0	0	2	1	1	0	0	0	0	1	0	0	0	0	0	0
187	Cefotaxime	1	1	0	1	0	3	0	5	1	1	1	0	1	0	0	1	0	1	0	0	0	0	0	0	0	0	1	0	0	0	0	1
188	Cefmetazole	0	1	0	1	0	1	0	3	1	1	0	0	1	0	0	0	0	0	0	0	0	0	0	0	1	0	3	0	0	0	0	0
189	Cefuroxime	0	1	0	1	0	4	0	5	1	1	0	0	1	1	0	1	0	0	0	0	0	0	0	0	0	0	1	0	1	0	0	1
190	Cefazolin	1	1	0	1	0	3	0	3	1	1	0	0	1	0	0	0	0	0	0	0	0	0	0	0	0	0	2	0	0	0	0	0
191	SCE-796	0	1	1	1	0	11	1	4	1	1	0	1	1	0	0	0	0	0	0	1	0	0	0	0	0	0	1	0	0	0	1	0
192	Cephalosporin C	0	5	0	1	0	0	0	3	1	1	1	0	1	0	0	0	0	0	0	1	1	0	0	0	0	0	1	0	0	0	0	0
193	Ceftriaxone	0	1	0	1	0	3	0	8	1	1	0	0	1	0	0	1	0	1	0	0	0	0	0	0	0	0	2	0	0	0	0	1
194	Nocardicin B	0	4	0	1	0	12	4	2	0	0	0	0	1	0	0	1	0	0	0	1	1	1	1	0	0	1	0	0	0	0	0	1
195	Ceftriaxone	0	1	0	1	0	3	0	8	1	1	0	0	1	0	0	1	0	1	0	0	0	0	0	0	0	0	2	0	0	0	0	0
196	Aztreonam	3	2	1	2	0	3	0	2	0	0	0	0	0	0	0	1	0	1	0	0	0	0	0	0	0	0	0	1	0	0	0	0
197	Imipenem	1	3	1	2	1	0	0	3	2	0	0	0	1	0	0	0	1	0	0	1	0	1	0	1	0	0	1	0	0	0	0	0
198	Penicillin N	2	6	1	2	1	0	0	0	0	0	0	0	1	0	0	0	0	0	0	1	1	0	0	0	0	0	1	0	0	0	0	1
199	Ceftriaxone	0	1	0	1	0	3	0	8	1	1	0	0	1	0	0	1	0	1	0	0	0	0	0	0	0	0	2	0	0	0	0	0
200	Cephaloglycin	1	2	0	1	0	6	1	3	1	1	1	0	1	0	0	0	1	0	0	0	0	0	0	0	0	0	1	0	0	0	0	1
201	LY097964	1	1	0	1	0	3	0	5	1	1	0	0	1	0	0	1	0	1	0	0	0	0	0	0	0	0	1	0	0	0	0	1
202	Cefacetrile	1	2	0	1	0	0	0	3	1	1	1	0	1	0	0	0	0	0	0	0	0	0	0	0	0	0	1	0	0	0	0	0
203	Ampicillin	2	3	1	2	1	6	1	0	0	0	0	0	1	0	0	0	1	0	0	0	0	0	0	0	0	0	1	0	0	0	0	2
204	Ceftriaxone	0	1	0	1	0	3	0	8	1	1	0	0	1	0	0	1	0	1	0	0	0	0	0	0	0	0	2	0	0	0	0	1
205	Cyclacillin	2	7	2	7	2	0	0	0	0	0	0	0	1	0	0	0	0	0	0	1	1	0	0	0	0	0	1	0	0	0	0	2
206	Cefoperazone	1	2	0	1	0	7	2	5	1	1	0	0	2	0	1	0	0	0	0	0	0	0	1	0	0	0	2	0	0	0	0	1
207	Cefazolin	1	1	0	1	0	3	0	3	1	1	0	0	1	0	0	0	0	0	0	0	0	0	0	0	0	0	2	0	0	0	0	0
208	Cefacetrile	1	2	0	1	0	0	0	3	1	1	1	0	1	0	0	0	0	0	0	0	0	0	0	0	0	0	1	0	0	0	0	0
209	Cephalosporin C	0	5	0	1	0	0	0	3	1	1	1	0	1	0	0	0	0	0	0	1	1	0	0	0	0	0	1	0	0	0	0	1
210	SCE-796	0	1	1	1	0	11	1	4	1	1	0	1	1	0	0	0	0	0	0	1	0	0	0	0	0	0	1	0	0	0	1	0
211	Ceftizoxime	0	1	0	1	0	3	0	5	2	0	0	0	1	0	0	1	0	1	0	0	0	0	0	0	0	0	1	0	0	0	0	1
212	Cefotaxime	1	1	0	1	0	3	0	5	1	1	1	0	1	0	0	1	0	1	0	0	0	0	0	0	0	0	1	0	0	0	0	1
213	Ofloxacin	1	1	0	1	0	6	5	4	0	1	0	0	0	0	0	0	0	0	2	1	1	0	0	0	0	1	0	0	0	0	0	0
214	Cefamandole	0	2	0	1	0	7	1	3	1	1	0	0	1	0	0	0	0	0	0	0	0	1	0	1	0	0	2	0	0	0	0	0
215	Cefazolin	1	1	0	1	0	3	0	3	1	1	0	0	1	0	0	0	0	0	0	0	0	0	0	0	0	0	2	0	0	0	0	0
216	Imipenem	1	3	1	2	1	0	0	3	2	0	0	0	1	0	0	0	1	0	0	1	0	1	0	1	0	0	1	0	0	0	0	0
217	LY097964	1	1	0	1	0	3	0	5	1	1	0	0	1	0	0	1	0	1	0	0	0	0	0	0	0	0	1	0	0	0	0	0
218	Aztreonam	3	2	1	2	0	3	0	2	0	0	0	0	0	0	0	1	0	1	0	0	0	0	0	0	0	0	0	1	0	0	0	1
219	Cephalothin	1	2	0	1	0	4	0	3	1	1	1	0	1	0	0	0	0	0	0	0	0	0	0	0	0	0	1	0	0	1	0	0
220	Cefazolin	1	1	0	1	0	3	0	3	1	1	0	0	1	0	0	0	0	0	0	0	0	0	0	0	0	0	2	0	0	0	0	0
221	Aztreonam	3	2	1	2	0	3	0	2	0	0	0	0	0	0	0	1	0	1	0	0	0	0	0	0	0	0	0	1	0	0	0	0
222	Cefacetrile	1	2	0	1	0	0	0	3	1	1	1	0	1	0	0	0	0	0	0	0	0	0	0	0	0	0	1	0	0	0	0	0
223	Ofloxacin	1	1	0	1	0	6	5	4	0	1	0	0	0	0	0	0	0	0	2	1	1	0	0	0	0	1	0	0	0	0	0	0
224	Cyclacillin	2	7	2	7	2	0	0	0	0	0	0	0	1	0	0	0	0	0	0	1	1	0	0	0	0	0	1	0	0	0	0	0
225	Cefamandole	0	2	0	1	0	7	1	3	1	1	0	0	1	0	0	0	0	0	0	0	0	1	0	1	0	0	2	0	0	0	0	0
226	LY097964	1	1	0	1	0	3	0	5	1	1	0	0	1	0	0	1	0	1	0	0	0	0	0	0	0	0	1	0	0	0	0	0
227	Sulbenicillin	2	3	1	2	1	6	1	0	0	0	0	0	1	0	0	0	0	0	0	0	0	0	0	0	0	0	1	1	0	0	0	0
228	Ceftizoxime	0	1	0	1	0	3	0	5	2	0	0	0	1	0	0	1	0	1	0	0	0	0	0	0	0	0	1	0	0	0	0	1
229	Cefoperazone	1	2	0	1	0	7	2	5	1	1	0	0	2	0	1	0	0	0	0	0	0	0	1	0	0	0	2	0	0	0	0	2
230	Ceftizoxime	0	1	0	1	0	3	0	5	2	0	0	0	1	0	0	1	0	1	0	0	0	0	0	0	0	0	1	0	0	0	0	1
231	Ceftazidime	2	1	1	1	0	8	0	5	1	1	0	0	1	0	0	1	0	1	0	1	0	0	0	0	0	0	1	0	0	0	1	1
232	Aztreonam	3	2	1	2	0	3	0	2	0	0	0	0	0	0	0	1	0	1	0	0	0	0	0	0	0	0	0	1	0	0	0	1
233	Cephalexin	1	2	0	1	0	6	1	3	1	1	0	0	1	0	0	0	1	0	0	0	0	0	0	0	0	0	1	0	0	0	0	2
234	Aztreonam	3	2	1	2	0	3	0	2	0	0	0	0	0	0	0	1	0	1	0	0	0	0	0	0	0	0	0	1	0	0	0	1
235	Cephaloridine	0	2	0	1	0	9	0	3	1	1	0	0	1	0	0	0	0	0	0	1	0	0	0	0	0	0	1	0	0	1	1	0
236	Cyclacillin	2	7	2	7	2	0	0	0	0	0	0	0	1	0	0	0	0	0	0	1	1	0	0	0	0	0	1	0	0	0	0	0
237	Ceftriaxone	0	1	0	1	0	3	0	8	1	1	0	0	1	0	0	1	0	1	0	0	0	0	0	0	0	0	2	0	0	0	0	0
238	Imipenem	1	3	1	2	1	0	0	3	2	0	0	0	1	0	0	0	1	0	0	1	0	1	0	1	0	0	1	0	0	0	0	0
239	Cephalosporin C	0	5	0	1	0	0	0	3	1	1	1	0	1	0	0	0	0	0	0	1	1	0	0	0	0	0	1	0	0	0	0	1
240	Ceftriaxone	0	1	0	1	0	3	0	8	1	1	0	0	1	0	0	1	0	1	0	0	0	0	0	0	0	0	2	0	0	0	0	0
241	Cephaloridine	0	2	0	1	0	9	0	3	1	1	0	0	1	0	0	0	0	0	0	1	0	0	0	0	0	0	1	0	0	1	1	0
242	Imipenem	1	3	1	2	1	0	0	3	2	0	0	0	1	0	0	0	1	0	0	1	0	1	0	1	0	0	1	0	0	0	0	0
243	LY097964	1	1	0	1	0	3	0	5	1	1	0	0	1	0	0	1	0	1	0	0	0	0	0	0	0	0	1	0	0	0	0	0
244	Cefmetazole	0	1	0	1	0	1	0	3	1	1	0	0	1	0	0	0	0	0	0	0	0	0	0	0	1	0	3	0	0	0	0	0
245	Aztreonam	3	2	1	2	0	3	0	2	0	0	0	0	0	0	0	1	0	1	0	0	0	0	0	0	0	0	0	1	0	0	0	0
246	Ceftriaxone	0	1	0	1	0	3	0	8	1	1	0	0	1	0	0	1	0	1	0	0	0	0	0	0	0	0	2	0	0	0	0	0
247	Cephaloglycin	1	2	0	1	0	6	1	3	1	1	1	0	1	0	0	0	1	0	0	0	0	0	0	0	0	0	1	0	0	0	0	1
248	Ofloxacin	1	1	0	1	0	6	5	4	0	1	0	0	0	0	0	0	0	0	2	1	1	0	0	0	0	1	0	0	0	0	0	0
249	SCE-796	0	1	1	1	0	11	1	4	1	1	0	1	1	0	0	0	0	0	0	1	0	0	0	0	0	0	1	0	0	0	1	0
250	Cefamandole	0	2	0	1	0	7	1	3	1	1	0	0	1	0	0	0	0	0	0	0	0	1	0	1	0	0	2	0	0	0	0	0
251	Imipenem	1	3	1	2	1	0	0	3	2	0	0	0	1	0	0	0	1	0	0	1	0	1	0	1	0	0	1	0	0	0	0	0
252	Ceftizoxime	0	1	0	1	0	3	0	5	2	0	0	0	1	0	0	1	0	1	0	0	0	0	0	0	0	0	1	0	0	0	0	0
253	Cefazolin	1	1	0	1	0	3	0	3	1	1	0	0	1	0	0	0	0	0	0	0	0	0	0	0	0	0	2	0	0	0	0	0
254	Aztreonam	3	2	1	2	0	3	0	2	0	0	0	0	0	0	0	1	0	1	0	0	0	0	0	0	0	0	0	1	0	0	0	0
255	Ceftriaxone	0	1	0	1	0	3	0	8	1	1	0	0	1	0	0	1	0	1	0	0	0	0	0	0	0	0	2	0	0	0	0	0
256	Ofloxacin	1	1	0	1	0	6	5	4	0	1	0	0	0	0	0	0	0	0	2	1	1	0	0	0	0	1	0	0	0	0	0	0
257	BL-S217	1	1	0	1	0	5	0	3	1	1	1	0	1	0	0	0	0	0	0	1	0	0	0	0	0	0	2	0	0	0	1	0
258	LY097964	1	1	0	1	0	3	0	5	1	1	0	0	1	0	0	1	0	1	0	0	0	0	0	0	0	0	1	0	0	0	0	0
259	Cefacetrile	1	2	0	1	0	0	0	3	1	1	1	0	1	0	0	0	0	0	0	0	0	0	0	0	0	0	1	0	0	0	0	0
260	Ceftriaxone	0	1	0	1	0	3	0	8	1	1	0	0	1	0	0	1	0	1	0	0	0	0	0	0	0	0	2	0	0	0	0	1
261	LY097964	1	1	0	1	0	3	0	5	1	1	0	0	1	0	0	1	0	1	0	0	0	0	0	0	0	0	1	0	0	0	0	0
262	Nocardicin B	0	4	0	1	0	12	4	2	0	0	0	0	1	0	0	1	0	0	0	1	1	1	1	0	0	1	0	0	0	0	0	2
263	Cefacetrile	1	2	0	1	0	0	0	3	1	1	1	0	1	0	0	0	0	0	0	0	0	0	0	0	0	0	1	0	0	0	0	0
264	Cefuroxime	0	1	0	1	0	4	0	5	1	1	0	0	1	1	0	1	0	0	0	0	0	0	0	0	0	0	1	0	1	0	0	0
265	Penicillin N	2	6	1	2	1	0	0	0	0	0	0	0	1	0	0	0	0	0	0	1	1	0	0	0	0	0	1	0	0	0	0	1
266	Penicillin N	2	6	1	2	1	0	0	0	0	0	0	0	1	0	0	0	0	0	0	1	1	0	0	0	0	0	1	0	0	0	0	1
267	Cefuroxime	0	1	0	1	0	4	0	5	1	1	0	0	1	1	0	1	0	0	0	0	0	0	0	0	0	0	1	0	1	0	0	0
268	Cephaloridine	0	2	0	1	0	9	0	3	1	1	0	0	1	0	0	0	0	0	0	1	0	0	0	0	0	0	1	0	0	1	1	0
269	Cefoxitin	0	2	0	1	0	4	0	3	1	1	0	0	1	1	0	0	0	0	0	0	0	0	0	0	1	0	1	0	0	1	0	0
270	Cefoxitin	0	2	0	1	0	4	0	3	1	1	0	0	1	1	0	0	0	0	0	0	0	0	0	0	1	0	1	0	0	1	0	0
271	LY097964	1	1	0	1	0	3	0	5	1	1	0	0	1	0	0	1	0	1	0	0	0	0	0	0	0	0	1	0	0	0	0	1
272	Nocardicin B	0	4	0	1	0	12	4	2	0	0	0	0	1	0	0	1	0	0	0	1	1	1	1	0	0	1	0	0	0	0	0	2
273	Ceftizoxime	0	1	0	1	0	3	0	5	2	0	0	0	1	0	0	1	0	1	0	0	0	0	0	0	0	0	1	0	0	0	0	1
274	Piperacillin	3	3	1	2	1	6	1	2	0	0	0	0	2	0	1	0	0	0	0	0	0	0	0	0	0	0	1	0	0	0	0	0
275	Aztreonam	3	2	1	2	0	3	0	2	0	0	0	0	0	0	0	1	0	1	0	0	0	0	0	0	0	0	0	1	0	0	0	0
276	Cefoxitin	0	2	0	1	0	4	0	3	1	1	0	0	1	1	0	0	0	0	0	0	0	0	0	0	1	0	1	0	0	1	0	0
277	Ceftriaxone	0	1	0	1	0	3	0	8	1	1	0	0	1	0	0	1	0	1	0	0	0	0	0	0	0	0	2	0	0	0	0	1
278	Cefacetrile	1	2	0	1	0	0	0	3	1	1	1	0	1	0	0	0	0	0	0	0	0	0	0	0	0	0	1	0	0	0	0	0
279	Cephalosporin C	0	5	0	1	0	0	0	3	1	1	1	0	1	0	0	0	0	0	0	1	1	0	0	0	0	0	1	0	0	0	0	0
280	Cyclacillin	2	7	2	7	2	0	0	0	0	0	0	0	1	0	0	0	0	0	0	1	1	0	0	0	0	0	1	0	0	0	0	0
281	Cefazolin	1	1	0	1	0	3	0	3	1	1	0	0	1	0	0	0	0	0	0	0	0	0	0	0	0	0	2	0	0	0	0	0
282	Cephalosporin C	0	5	0	1	0	0	0	3	1	1	1	0	1	0	0	0	0	0	0	1	1	0	0	0	0	0	1	0	0	0	0	1
283	Ceftazidime	2	1	1	1	0	8	0	5	1	1	0	0	1	0	0	1	0	1	0	1	0	0	0	0	0	0	1	0	0	0	1	0
284	LY097964	1	1	0	1	0	3	0	5	1	1	0	0	1	0	0	1	0	1	0	0	0	0	0	0	0	0	1	0	0	0	0	1
285	LY097964	1	1	0	1	0	3	0	5	1	1	0	0	1	0	0	1	0	1	0	0	0	0	0	0	0	0	1	0	0	0	0	1
286	Aztreonam	3	2	1	2	0	3	0	2	0	0	0	0	0	0	0	1	0	1	0	0	0	0	0	0	0	0	0	1	0	0	0	0
287	Ofloxacin	1	1	0	1	0	6	5	4	0	1	0	0	0	0	0	0	0	0	2	1	1	0	0	0	0	1	0	0	0	0	0	0
288	Cefacetrile	1	2	0	1	0	0	0	3	1	1	1	0	1	0	0	0	0	0	0	0	0	0	0	0	0	0	1	0	0	0	0	0
289	Cephaloridine	0	2	0	1	0	9	0	3	1	1	0	0	1	0	0	0	0	0	0	1	0	0	0	0	0	0	1	0	0	1	1	0
290	LY097964	1	1	0	1	0	3	0	5	1	1	0	0	1	0	0	1	0	1	0	0	0	0	0	0	0	0	1	0	0	0	0	1
291	Ceftizoxime	0	1	0	1	0	3	0	5	2	0	0	0	1	0	0	1	0	1	0	0	0	0	0	0	0	0	1	0	0	0	0	0
292	Aztreonam	3	2	1	2	0	3	0	2	0	0	0	0	0	0	0	1	0	1	0	0	0	0	0	0	0	0	0	1	0	0	0	1
293	Ceftizoxime	0	1	0	1	0	3	0	5	2	0	0	0	1	0	0	1	0	1	0	0	0	0	0	0	0	0	1	0	0	0	0	0
294	Ceftriaxone	0	1	0	1	0	3	0	8	1	1	0	0	1	0	0	1	0	1	0	0	0	0	0	0	0	0	2	0	0	0	0	1
295	Nocardicin B	0	4	0	1	0	12	4	2	0	0	0	0	1	0	0	1	0	0	0	1	1	1	1	0	0	1	0	0	0	0	0	1
296	Cefotaxime	1	1	0	1	0	3	0	5	1	1	1	0	1	0	0	1	0	1	0	0	0	0	0	0	0	0	1	0	0	0	0	1
297	Cefuroxime	0	1	0	1	0	4	0	5	1	1	0	0	1	1	0	1	0	0	0	0	0	0	0	0	0	0	1	0	1	0	0	0
298	Cefmetazole	0	1	0	1	0	1	0	3	1	1	0	0	1	0	0	0	0	0	0	0	0	0	0	0	1	0	3	0	0	0	0	0
299	Cefacetrile	1	2	0	1	0	0	0	3	1	1	1	0	1	0	0	0	0	0	0	0	0	0	0	0	0	0	1	0	0	0	0	0
300	Aztreonam	3	2	1	2	0	3	0	2	0	0	0	0	0	0	0	1	0	1	0	0	0	0	0	0	0	0	0	1	0	0	0	1
301	Ceftriaxone	0	1	0	1	0	3	0	8	1	1	0	0	1	0	0	1	0	1	0	0	0	0	0	0	0	0	2	0	0	0	0	0
302	Cephalexin	1	2	0	1	0	6	1	3	1	1	0	0	1	0	0	0	1	0	0	0	0	0	0	0	0	0	1	0	0	0	0	2
303	Carbenicillin	2	2	2	2	1	6	1	0	0	0	0	0	1	0	0	0	0	0	0	0	0	0	0	0	0	0	1	0	0	0	0	0
304	Ceftizoxime	0	1	0	1	0	3	0	5	2	0	0	0	1	0	0	1	0	1	0	0	0	0	0	0	0	0	1	0	0	0	0	1
305	Ceftriaxone	0	1	0	1	0	3	0	8	1	1	0	0	1	0	0	1	0	1	0	0	0	0	0	0	0	0	2	0	0	0	0	1
306	Moxalactam	0	1	1	1	0	7	2	3	1	1	0	0	1	0	0	0	0	0	0	0	0	0	1	0	2	0	1	0	0	0	0	1
307	Cephaloridine	0	2	0	1	0	9	0	3	1	1	0	0	1	0	0	0	0	0	0	1	0	0	0	0	0	0	1	0	0	1	1	0
308	Ceftizoxime	0	1	0	1	0	3	0	5	2	0	0	0	1	0	0	1	0	1	0	0	0	0	0	0	0	0	1	0	0	0	0	1
309	Ceftizoxime	0	1	0	1	0	3	0	5	2	0	0	0	1	0	0	1	0	1	0	0	0	0	0	0	0	0	1	0	0	0	0	1
310	Cephalexin	1	2	0	1	0	6	1	3	1	1	0	0	1	0	0	0	1	0	0	0	0	0	0	0	0	0	1	0	0	0	0	1
311	Cephalosporin C	0	5	0	1	0	0	0	3	1	1	1	0	1	0	0	0	0	0	0	1	1	0	0	0	0	0	1	0	0	0	0	1
312	Ampicillin	2	3	1	2	1	6	1	0	0	0	0	0	1	0	0	0	1	0	0	0	0	0	0	0	0	0	1	0	0	0	0	1
313	Sulbenicillin	2	3	1	2	1	6	1	0	0	0	0	0	1	0	0	0	0	0	0	0	0	0	0	0	0	0	1	1	0	0	0	0
314	Cefotaxime	1	1	0	1	0	3	0	5	1	1	1	0	1	0	0	1	0	1	0	0	0	0	0	0	0	0	1	0	0	0	0	1
315	Cephalosporin C	0	5	0	1	0	0	0	3	1	1	1	0	1	0	0	0	0	0	0	1	1	0	0	0	0	0	1	0	0	0	0	1
316	Ceftriaxone	0	1	0	1	0	3	0	8	1	1	0	0	1	0	0	1	0	1	0	0	0	0	0	0	0	0	2	0	0	0	0	1
317	LY097964	1	1	0	1	0	3	0	5	1	1	0	0	1	0	0	1	0	1	0	0	0	0	0	0	0	0	1	0	0	0	0	1
318	Carbenicillin	2	2	2	2	1	6	1	0	0	0	0	0	1	0	0	0	0	0	0	0	0	0	0	0	0	0	1	0	0	0	0	0
319	Cefazolin	1	1	0	1	0	3	0	3	1	1	0	0	1	0	0	0	0	0	0	0	0	0	0	0	0	0	2	0	0	0	0	0
320	Aztreonam	3	2	1	2	0	3	0	2	0	0	0	0	0	0	0	1	0	1	0	0	0	0	0	0	0	0	0	1	0	0	0	0
321	LY097964	1	1	0	1	0	3	0	5	1	1	0	0	1	0	0	1	0	1	0	0	0	0	0	0	0	0	1	0	0	0	0	0
322	Aztreonam	3	2	1	2	0	3	0	2	0	0	0	0	0	0	0	1	0	1	0	0	0	0	0	0	0	0	0	1	0	0	0	0
323	Nocardicin B	0	4	0	1	0	12	4	2	0	0	0	0	1	0	0	1	0	0	0	1	1	1	1	0	0	1	0	0	0	0	0	1
324	Cephaloglycin	1	2	0	1	0	6	1	3	1	1	1	0	1	0	0	0	1	0	0	0	0	0	0	0	0	0	1	0	0	0	0	0
325	Cephalexin	1	2	0	1	0	6	1	3	1	1	0	0	1	0	0	0	1	0	0	0	0	0	0	0	0	0	1	0	0	0	0	1
326	LY097964	1	1	0	1	0	3	0	5	1	1	0	0	1	0	0	1	0	1	0	0	0	0	0	0	0	0	1	0	0	0	0	1
327	Cephalexin	1	2	0	1	0	6	1	3	1	1	0	0	1	0	0	0	1	0	0	0	0	0	0	0	0	0	1	0	0	0	0	2
328	Moxalactam	0	1	1	1	0	7	2	3	1	1	0	0	1	0	0	0	0	0	0	0	0	0	1	0	2	0	1	0	0	0	0	1
329	LY097964	1	1	0	1	0	3	0	5	1	1	0	0	1	0	0	1	0	1	0	0	0	0	0	0	0	0	1	0	0	0	0	0
330	Cephaloglycin	1	2	0	1	0	6	1	3	1	1	1	0	1	0	0	0	1	0	0	0	0	0	0	0	0	0	1	0	0	0	0	2
331	BL-S217	1	1	0	1	0	5	0	3	1	1	1	0	1	0	0	0	0	0	0	1	0	0	0	0	0	0	2	0	0	0	1	0
332	Ceftizoxime	0	1	0	1	0	3	0	5	2	0	0	0	1	0	0	1	0	1	0	0	0	0	0	0	0	0	1	0	0	0	0	1
333	Moxalactam	0	1	1	1	0	7	2	3	1	1	0	0	1	0	0	0	0	0	0	0	0	0	1	0	2	0	1	0	0	0	0	1
334	Aztreonam	3	2	1	2	0	3	0	2	0	0	0	0	0	0	0	1	0	1	0	0	0	0	0	0	0	0	0	1	0	0	0	0
335	LY097964	1	1	0	1	0	3	0	5	1	1	0	0	1	0	0	1	0	1	0	0	0	0	0	0	0	0	1	0	0	0	0	0
336	Cephalothin	1	2	0	1	0	4	0	3	1	1	1	0	1	0	0	0	0	0	0	0	0	0	0	0	0	0	1	0	0	1	0	0
337	Cefoxitin	0	2	0	1	0	4	0	3	1	1	0	0	1	1	0	0	0	0	0	0	0	0	0	0	1	0	1	0	0	1	0	0
338	Cefacetrile	1	2	0	1	0	0	0	3	1	1	1	0	1	0	0	0	0	0	0	0	0	0	0	0	0	0	1	0	0	0	0	0
339	Moxalactam	0	1	1	1	0	7	2	3	1	1	0	0	1	0	0	0	0	0	0	0	0	0	1	0	2	0	1	0	0	0	0	1
340	Cefazolin	1	1	0	1	0	3	0	3	1	1	0	0	1	0	0	0	0	0	0	0	0	0	0	0	0	0	2	0	0	0	0	0
341	Ampicillin	2	3	1	2	1	6	1	0	0	0	0	0	1	0	0	0	1	0	0	0	0	0	0	0	0	0	1	0	0	0	0	2
342	Cefaclor	0	2	0	1	0	6	1	3	2	0	0	0	1	0	0	0	1	0	0	0	0	0	0	0	0	0	1	0	0	0	0	1
343	Aztreonam	3	2	1	2	0	3	0	2	0	0	0	0	0	0	0	1	0	1	0	0	0	0	0	0	0	0	0	1	0	0	0	1
344	Carbenicillin	2	2	2	2	1	6	1	0	0	0	0	0	1	0	0	0	0	0	0	0	0	0	0	0	0	0	1	0	0	0	0	0
345	Cephalosporin C	0	5	0	1	0	0	0	3	1	1	1	0	1	0	0	0	0	0	0	1	1	0	0	0	0	0	1	0	0	0	0	1
346	Ceftazidime	2	1	1	1	0	8	0	5	1	1	0	0	1	0	0	1	0	1	0	1	0	0	0	0	0	0	1	0	0	0	1	1
347	Cefamandole	0	2	0	1	0	7	1	3	1	1	0	0	1	0	0	0	0	0	0	0	0	1	0	1	0	0	2	0	0	0	0	0
348	Aztreonam	3	2	1	2	0	3	0	2	0	0	0	0	0	0	0	1	0	1	0	0	0	0	0	0	0	0	0	1	0	0	0	0
349	Ofloxacin	1	1	0	1	0	6	5	4	0	1	0	0	0	0	0	0	0	0	2	1	1	0	0	0	0	1	0	0	0	0	0	0
350	Cefmetazole	0	1	0	1	0	1	0	3	1	1	0	0	1	0	0	0	0	0	0	0	0	0	0	0	1	0	3	0	0	0	0	0
351	Penicillin N	2	6	1	2	1	0	0	0	0	0	0	0	1	0	0	0	0	0	0	1	1	0	0	0	0	0	1	0	0	0	0	1
352	Carbenicillin	2	2	2	2	1	6	1	0	0	0	0	0	1	0	0	0	0	0	0	0	0	0	0	0	0	0	1	0	0	0	0	0
353	Ceftizoxime	0	1	0	1	0	3	0	5	2	0	0	0	1	0	0	1	0	1	0	0	0	0	0	0	0	0	1	0	0	0	0	1
354	Cefazolin	1	1	0	1	0	3	0	3	1	1	0	0	1	0	0	0	0	0	0	0	0	0	0	0	0	0	2	0	0	0	0	0
355	Moxalactam	0	1	1	1	0	7	2	3	1	1	0	0	1	0	0	0	0	0	0	0	0	0	1	0	2	0	1	0	0	0	0	1
356	Moxalactam	0	1	1	1	0	7	2	3	1	1	0	0	1	0	0	0	0	0	0	0	0	0	1	0	2	0	1	0	0	0	0	0
357	Carbenicillin	2	2	2	2	1	6	1	0	0	0	0	0	1	0	0	0	0	0	0	0	0	0	0	0	0	0	1	0	0	0	0	0
358	Cephaloridine	0	2	0	1	0	9	0	3	1	1	0	0	1	0	0	0	0	0	0	1	0	0	0	0	0	0	1	0	0	1	1	0
359	Aztreonam	3	2	1	2	0	3	0	2	0	0	0	0	0	0	0	1	0	1	0	0	0	0	0	0	0	0	0	1	0	0	0	0
360	Ampicillin	2	3	1	2	1	6	1	0	0	0	0	0	1	0	0	0	1	0	0	0	0	0	0	0	0	0	1	0	0	0	0	1
361	Sulbenicillin	2	3	1	2	1	6	1	0	0	0	0	0	1	0	0	0	0	0	0	0	0	0	0	0	0	0	1	1	0	0	0	0
362	LY097964	1	1	0	1	0	3	0	5	1	1	0	0	1	0	0	1	0	1	0	0	0	0	0	0	0	0	1	0	0	0	0	0
363	Cefotaxime	1	1	0	1	0	3	0	5	1	1	1	0	1	0	0	1	0	1	0	0	0	0	0	0	0	0	1	0	0	0	0	0
364	Carbenicillin	2	2	2	2	1	6	1	0	0	0	0	0	1	0	0	0	0	0	0	0	0	0	0	0	0	0	1	0	0	0	0	0
365	Penicillin N	2	6	1	2	1	0	0	0	0	0	0	0	1	0	0	0	0	0	0	1	1	0	0	0	0	0	1	0	0	0	0	0
366	LY097964	1	1	0	1	0	3	0	5	1	1	0	0	1	0	0	1	0	1	0	0	0	0	0	0	0	0	1	0	0	0	0	0
367	Nocardicin B	0	4	0	1	0	12	4	2	0	0	0	0	1	0	0	1	0	0	0	1	1	1	1	0	0	1	0	0	0	0	0	2
368	Cephalosporin C	0	5	0	1	0	0	0	3	1	1	1	0	1	0	0	0	0	0	0	1	1	0	0	0	0	0	1	0	0	0	0	1
369	Nocardicin B	0	4	0	1	0	12	4	2	0	0	0	0	1	0	0	1	0	0	0	1	1	1	1	0	0	1	0	0	0	0	0	0
370	Nocardicin B	0	4	0	1	0	12	4	2	0	0	0	0	1	0	0	1	0	0	0	1	1	1	1	0	0	1	0	0	0	0	0	2
371	LY097964	1	1	0	1	0	3	0	5	1	1	0	0	1	0	0	1	0	1	0	0	0	0	0	0	0	0	1	0	0	0	0	0
372	Cefamandole	0	2	0	1	0	7	1	3	1	1	0	0	1	0	0	0	0	0	0	0	0	1	0	1	0	0	2	0	0	0	0	0
373	Sulbenicillin	2	3	1	2	1	6	1	0	0	0	0	0	1	0	0	0	0	0	0	0	0	0	0	0	0	0	1	1	0	0	0	0
374	Sulbenicillin	2	3	1	2	1	6	1	0	0	0	0	0	1	0	0	0	0	0	0	0	0	0	0	0	0	0	1	1	0	0	0	0
375	LY097964	1	1	0	1	0	3	0	5	1	1	0	0	1	0	0	1	0	1	0	0	0	0	0	0	0	0	1	0	0	0	0	0
376	Carbenicillin	2	2	2	2	1	6	1	0	0	0	0	0	1	0	0	0	0	0	0	0	0	0	0	0	0	0	1	0	0	0	0	0
377	Ceftazidime	2	1	1	1	0	8	0	5	1	1	0	0	1	0	0	1	0	1	0	1	0	0	0	0	0	0	1	0	0	0	1	0
378	Moxalactam	0	1	1	1	0	7	2	3	1	1	0	0	1	0	0	0	0	0	0	0	0	0	1	0	2	0	1	0	0	0	0	0
379	Cephaloglycin	1	2	0	1	0	6	1	3	1	1	1	0	1	0	0	0	1	0	0	0	0	0	0	0	0	0	1	0	0	0	0	1
380	Cefazolin	1	1	0	1	0	3	0	3	1	1	0	0	1	0	0	0	0	0	0	0	0	0	0	0	0	0	2	0	0	0	0	0
381	Penicillin N	2	6	1	2	1	0	0	0	0	0	0	0	1	0	0	0	0	0	0	1	1	0	0	0	0	0	1	0	0	0	0	1
382	Aztreonam	3	2	1	2	0	3	0	2	0	0	0	0	0	0	0	1	0	1	0	0	0	0	0	0	0	0	0	1	0	0	0	1
383	Nocardicin B	0	4	0	1	0	12	4	2	0	0	0	0	1	0	0	1	0	0	0	1	1	1	1	0	0	1	0	0	0	0	0	0
384	Ceftriaxone	0	1	0	1	0	3	0	8	1	1	0	0	1	0	0	1	0	1	0	0	0	0	0	0	0	0	2	0	0	0	0	1
385	Cephaloridine	0	2	0	1	0	9	0	3	1	1	0	0	1	0	0	0	0	0	0	1	0	0	0	0	0	0	1	0	0	1	1	0
386	Cefotaxime	1	1	0	1	0	3	0	5	1	1	1	0	1	0	0	1	0	1	0	0	0	0	0	0	0	0	1	0	0	0	0	1
387	Cefmetazole	0	1	0	1	0	1	0	3	1	1	0	0	1	0	0	0	0	0	0	0	0	0	0	0	1	0	3	0	0	0	0	0
388	Aztreonam	3	2	1	2	0	3	0	2	0	0	0	0	0	0	0	1	0	1	0	0	0	0	0	0	0	0	0	1	0	0	0	0
389	Piperacillin	3	3	1	2	1	6	1	2	0	0	0	0	2	0	1	0	0	0	0	0	0	0	0	0	0	0	1	0	0	0	0	0
390	Aztreonam	3	2	1	2	0	3	0	2	0	0	0	0	0	0	0	1	0	1	0	0	0	0	0	0	0	0	0	1	0	0	0	0
391	Cefotaxime	1	1	0	1	0	3	0	5	1	1	1	0	1	0	0	1	0	1	0	0	0	0	0	0	0	0	1	0	0	0	0	0
392	Moxalactam	0	1	1	1	0	7	2	3	1	1	0	0	1	0	0	0	0	0	0	0	0	0	1	0	2	0	1	0	0	0	0	1
393	Sulbenicillin	2	3	1	2	1	6	1	0	0	0	0	0	1	0	0	0	0	0	0	0	0	0	0	0	0	0	1	1	0	0	0	0
394	Ampicillin	2	3	1	2	1	6	1	0	0	0	0	0	1	0	0	0	1	0	0	0	0	0	0	0	0	0	1	0	0	0	0	2
395	Ceftazidime	2	1	1	1	0	8	0	5	1	1	0	0	1	0	0	1	0	1	0	1	0	0	0	0	0	0	1	0	0	0	1	1
396	Cefazolin	1	1	0	1	0	3	0	3	1	1	0	0	1	0	0	0	0	0	0	0	0	0	0	0	0	0	2	0	0	0	0	0
397	LY097964	1	1	0	1	0	3	0	5	1	1	0	0	1	0	0	1	0	1	0	0	0	0	0	0	0	0	1	0	0	0	0	0
398	Aztreonam	3	2	1	2	0	3	0	2	0	0	0	0	0	0	0	1	0	1	0	0	0	0	0	0	0	0	0	1	0	0	0	1
399	Nocardicin B	0	4	0	1	0	12	4	2	0	0	0	0	1	0	0	1	0	0	0	1	1	1	1	0	0	1	0	0	0	0	0	2
400	Cefacetrile	1	2	0	1	0	0	0	3	1	1	1	0	1	0	0	0	0	0	0	0	0	0	0	0	0	0	1	0	0	0	0	0
401	Ceftizoxime	0	1	0	1	0	3	0	5	2	0	0	0	1	0	0	1	0	1	0	0	0	0	0	0	0	0	1	0	0	0	0	0
402	Cefotaxime	1	1	0	1	0	3	0	5	1	1	1	0	1	0	0	1	0	1	0	0	0	0	0	0	0	0	1	0	0	0	0	1
403	Cefmetazole	0	1	0	1	0	1	0	3	1	1	0	0	1	0	0	0	0	0	0	0	0	0	0	0	1	0	3	0	0	0	0	0
404	BL-S217	1	1	0	1	0	5	0	3	1	1	1	0	1	0	0	0	0	0	0	1	0	0	0	0	0	0	2	0	0	0	1	0
405	Ceftriaxone	0	1	0	1	0	3	0	8	1	1	0	0	1	0	0	1	0	1	0	0	0	0	0	0	0	0	2	0	0	0	0	1
406	Ceftriaxone	0	1	0	1	0	3	0	8	1	1	0	0	1	0	0	1	0	1	0	0	0	0	0	0	0	0	2	0	0	0	0	1
407	Cefaclor	0	2	0	1	0	6	1	3	2	0	0	0	1	0	0	0	1	0	0	0	0	0	0	0	0	0	1	0	0	0	0	1
408	Cefotaxime	1	1	0	1	0	3	0	5	1	1	1	0	1	0	0	1	0	1	0	0	0	0	0	0	0	0	1	0	0	0	0	0
409	Piperacillin	3	3	1	2	1	6	1	2	0	0	0	0	2	0	1	0	0	0	0	0	0	0	0	0	0	0	1	0	0	0	0	2
410	Carbenicillin	2	2	2	2	1	6	1	0	0	0	0	0	1	0	0	0	0	0	0	0	0	0	0	0	0	0	1	0	0	0	0	0
411	Penicillin N	2	6	1	2	1	0	0	0	0	0	0	0	1	0	0	0	0	0	0	1	1	0	0	0	0	0	1	0	0	0	0	1
412	Moxalactam	0	1	1	1	0	7	2	3	1	1	0	0	1	0	0	0	0	0	0	0	0	0	1	0	2	0	1	0	0	0	0	1
413	Ceftizoxime	0	1	0	1	0	3	0	5	2	0	0	0	1	0	0	1	0	1	0	0	0	0	0	0	0	0	1	0	0	0	0	0
414	Penicillin N	2	6	1	2	1	0	0	0	0	0	0	0	1	0	0	0	0	0	0	1	1	0	0	0	0	0	1	0	0	0	0	1
415	Carbenicillin	2	2	2	2	1	6	1	0	0	0	0	0	1	0	0	0	0	0	0	0	0	0	0	0	0	0	1	0	0	0	0	0
416	Cefoxitin	0	2	0	1	0	4	0	3	1	1	0	0	1	1	0	0	0	0	0	0	0	0	0	0	1	0	1	0	0	1	0	0
417	Cefazolin	1	1	0	1	0	3	0	3	1	1	0	0	1	0	0	0	0	0	0	0	0	0	0	0	0	0	2	0	0	0	0	0
418	Cephalothin	1	2	0	1	0	4	0	3	1	1	1	0	1	0	0	0	0	0	0	0	0	0	0	0	0	0	1	0	0	1	0	0
419	Penicillin N	2	6	1	2	1	0	0	0	0	0	0	0	1	0	0	0	0	0	0	1	1	0	0	0	0	0	1	0	0	0	0	1
420	Cefoxitin	0	2	0	1	0	4	0	3	1	1	0	0	1	1	0	0	0	0	0	0	0	0	0	0	1	0	1	0	0	1	0	0
421	Ceftizoxime	0	1	0	1	0	3	0	5	2	0	0	0	1	0	0	1	0	1	0	0	0	0	0	0	0	0	1	0	0	0	0	1
422	LY097964	1	1	0	1	0	3	0	5	1	1	0	0	1	0	0	1	0	1	0	0	0	0	0	0	0	0	1	0	0	0	0	0
423	Cefamandole	0	2	0	1	0	7	1	3	1	1	0	0	1	0	0	0	0	0	0	0	0	1	0	1	0	0	2	0	0	0	0	0
424	Cefaclor	0	2	0	1	0	6	1	3	2	0	0	0	1	0	0	0	1	0	0	0	0	0	0	0	0	0	1	0	0	0	0	2
425	Cefamandole	0	2	0	1	0	7	1	3	1	1	0	0	1	0	0	0	0	0	0	0	0	1	0	1	0	0	2	0	0	0	0	0
426	Penicillin N	2	6	1	2	1	0	0	0	0	0	0	0	1	0	0	0	0	0	0	1	1	0	0	0	0	0	1	0	0	0	0	1
427	Cefotaxime	1	1	0	1	0	3	0	5	1	1	1	0	1	0	0	1	0	1	0	0	0	0	0	0	0	0	1	0	0	0	0	1
428	Cefoxitin	0	2	0	1	0	4	0	3	1	1	0	0	1	1	0	0	0	0	0	0	0	0	0	0	1	0	1	0	0	1	0	0
429	Cephalothin	1	2	0	1	0	4	0	3	1	1	1	0	1	0	0	0	0	0	0	0	0	0	0	0	0	0	1	0	0	1	0	0
430	Cefuroxime	0	1	0	1	0	4	0	5	1	1	0	0	1	1	0	1	0	0	0	0	0	0	0	0	0	0	1	0	1	0	0	0
431	Nocardicin B	0	4	0	1	0	12	4	2	0	0	0	0	1	0	0	1	0	0	0	1	1	1	1	0	0	1	0	0	0	0	0	2
432	Cephaloglycin	1	2	0	1	0	6	1	3	1	1	1	0	1	0	0	0	1	0	0	0	0	0	0	0	0	0	1	0	0	0	0	1
433	Ofloxacin	1	1	0	1	0	6	5	4	0	1	0	0	0	0	0	0	0	0	2	1	1	0	0	0	0	1	0	0	0	0	0	0
434	Ceftizoxime	0	1	0	1	0	3	0	5	2	0	0	0	1	0	0	1	0	1	0	0	0	0	0	0	0	0	1	0	0	0	0	1
435	Ceftizoxime	0	1	0	1	0	3	0	5	2	0	0	0	1	0	0	1	0	1	0	0	0	0	0	0	0	0	1	0	0	0	0	0
436	Cephalexin	1	2	0	1	0	6	1	3	1	1	0	0	1	0	0	0	1	0	0	0	0	0	0	0	0	0	1	0	0	0	0	0
437	Cephalexin	1	2	0	1	0	6	1	3	1	1	0	0	1	0	0	0	1	0	0	0	0	0	0	0	0	0	1	0	0	0	0	2
438	Sulbenicillin	2	3	1	2	1	6	1	0	0	0	0	0	1	0	0	0	0	0	0	0	0	0	0	0	0	0	1	1	0	0	0	0
439	Piperacillin	3	3	1	2	1	6	1	2	0	0	0	0	2	0	1	0	0	0	0	0	0	0	0	0	0	0	1	0	0	0	0	0
440	Cephaloglycin	1	2	0	1	0	6	1	3	1	1	1	0	1	0	0	0	1	0	0	0	0	0	0	0	0	0	1	0	0	0	0	2
441	Cephalexin	1	2	0	1	0	6	1	3	1	1	0	0	1	0	0	0	1	0	0	0	0	0	0	0	0	0	1	0	0	0	0	1
442	Cephaloridine	0	2	0	1	0	9	0	3	1	1	0	0	1	0	0	0	0	0	0	1	0	0	0	0	0	0	1	0	0	1	1	0
443	Ampicillin	2	3	1	2	1	6	1	0	0	0	0	0	1	0	0	0	1	0	0	0	0	0	0	0	0	0	1	0	0	0	0	1
444	Cefotaxime	1	1	0	1	0	3	0	5	1	1	1	0	1	0	0	1	0	1	0	0	0	0	0	0	0	0	1	0	0	0	0	1
445	Cefoxitin	0	2	0	1	0	4	0	3	1	1	0	0	1	1	0	0	0	0	0	0	0	0	0	0	1	0	1	0	0	1	0	0
446	Cefotaxime	1	1	0	1	0	3	0	5	1	1	1	0	1	0	0	1	0	1	0	0	0	0	0	0	0	0	1	0	0	0	0	1
447	Cefotaxime	1	1	0	1	0	3	0	5	1	1	1	0	1	0	0	1	0	1	0	0	0	0	0	0	0	0	1	0	0	0	0	0
448	Cefmetazole	0	1	0	1	0	1	0	3	1	1	0	0	1	0	0	0	0	0	0	0	0	0	0	0	1	0	3	0	0	0	0	0
449	Carbenicillin	2	2	2	2	1	6	1	0	0	0	0	0	1	0	0	0	0	0	0	0	0	0	0	0	0	0	1	0	0	0	0	0
450	Piperacillin	3	3	1	2	1	6	1	2	0	0	0	0	2	0	1	0	0	0	0	0	0	0	0	0	0	0	1	0	0	0	0	1
451	Cefotaxime	1	1	0	1	0	3	0	5	1	1	1	0	1	0	0	1	0	1	0	0	0	0	0	0	0	0	1	0	0	0	0	1
452	Sulbenicillin	2	3	1	2	1	6	1	0	0	0	0	0	1	0	0	0	0	0	0	0	0	0	0	0	0	0	1	1	0	0	0	0
453	Nalidixic acid	2	0	0	0	0	5	0	4	0	1	0	0	0	0	0	0	0	0	1	0	0	0	0	0	0	0	0	0	0	0	1	0
454	Ampicillin	2	3	1	2	1	6	1	0	0	0	0	0	1	0	0	0	1	0	0	0	0	0	0	0	0	0	1	0	0	0	0	0
455	Nalidixic acid	2	0	0	0	0	5	0	4	0	1	0	0	0	0	0	0	0	0	1	0	0	0	0	0	0	0	0	0	0	0	1	0
456	Penicillin N	2	6	1	2	1	0	0	0	0	0	0	0	1	0	0	0	0	0	0	1	1	0	0	0	0	0	1	0	0	0	0	0
457	Cephaloglycin	1	2	0	1	0	6	1	3	1	1	1	0	1	0	0	0	1	0	0	0	0	0	0	0	0	0	1	0	0	0	0	1
458	Cefotaxime	1	1	0	1	0	3	0	5	1	1	1	0	1	0	0	1	0	1	0	0	0	0	0	0	0	0	1	0	0	0	0	0
459	Ceftriaxone	0	1	0	1	0	3	0	8	1	1	0	0	1	0	0	1	0	1	0	0	0	0	0	0	0	0	2	0	0	0	0	1
460	Nalidixic acid	2	0	0	0	0	5	0	4	0	1	0	0	0	0	0	0	0	0	1	0	0	0	0	0	0	0	0	0	0	0	1	0
461	Carbenicillin	2	2	2	2	1	6	1	0	0	0	0	0	1	0	0	0	0	0	0	0	0	0	0	0	0	0	1	0	0	0	0	0
462	Cephalothin	1	2	0	1	0	4	0	3	1	1	1	0	1	0	0	0	0	0	0	0	0	0	0	0	0	0	1	0	0	1	0	0
463	Piperacillin	3	3	1	2	1	6	1	2	0	0	0	0	2	0	1	0	0	0	0	0	0	0	0	0	0	0	1	0	0	0	0	0
464	Penicillin N	2	6	1	2	1	0	0	0	0	0	0	0	1	0	0	0	0	0	0	1	1	0	0	0	0	0	1	0	0	0	0	1
465	Cefoxitin	0	2	0	1	0	4	0	3	1	1	0	0	1	1	0	0	0	0	0	0	0	0	0	0	1	0	1	0	0	1	0	0
466	Cefamandole	0	2	0	1	0	7	1	3	1	1	0	0	1	0	0	0	0	0	0	0	0	1	0	1	0	0	2	0	0	0	0	0
467	Carbenicillin	2	2	2	2	1	6	1	0	0	0	0	0	1	0	0	0	0	0	0	0	0	0	0	0	0	0	1	0	0	0	0	0
468	Sulbenicillin	2	3	1	2	1	6	1	0	0	0	0	0	1	0	0	0	0	0	0	0	0	0	0	0	0	0	1	1	0	0	0	0
469	Ceftriaxone	0	1	0	1	0	3	0	8	1	1	0	0	1	0	0	1	0	1	0	0	0	0	0	0	0	0	2	0	0	0	0	1
470	Cefotaxime	1	1	0	1	0	3	0	5	1	1	1	0	1	0	0	1	0	1	0	0	0	0	0	0	0	0	1	0	0	0	0	1
471	Penicillin N	2	6	1	2	1	0	0	0	0	0	0	0	1	0	0	0	0	0	0	1	1	0	0	0	0	0	1	0	0	0	0	1
472	Nocardicin B	0	4	0	1	0	12	4	2	0	0	0	0	1	0	0	1	0	0	0	1	1	1	1	0	0	1	0	0	0	0	0	3
473	Cefotaxime	1	1	0	1	0	3	0	5	1	1	1	0	1	0	0	1	0	1	0	0	0	0	0	0	0	0	1	0	0	0	0	0
474	Ampicillin	2	3	1	2	1	6	1	0	0	0	0	0	1	0	0	0	1	0	0	0	0	0	0	0	0	0	1	0	0	0	0	2
475	Cefotaxime	1	1	0	1	0	3	0	5	1	1	1	0	1	0	0	1	0	1	0	0	0	0	0	0	0	0	1	0	0	0	0	1
476	Cephalothin	1	2	0	1	0	4	0	3	1	1	1	0	1	0	0	0	0	0	0	0	0	0	0	0	0	0	1	0	0	1	0	0
477	LY097964	1	1	0	1	0	3	0	5	1	1	0	0	1	0	0	1	0	1	0	0	0	0	0	0	0	0	1	0	0	0	0	0
478	Cephalexin	1	2	0	1	0	6	1	3	1	1	0	0	1	0	0	0	1	0	0	0	0	0	0	0	0	0	1	0	0	0	0	1
479	Ceftriaxone	0	1	0	1	0	3	0	8	1	1	0	0	1	0	0	1	0	1	0	0	0	0	0	0	0	0	2	0	0	0	0	1
480	Sulbenicillin	2	3	1	2	1	6	1	0	0	0	0	0	1	0	0	0	0	0	0	0	0	0	0	0	0	0	1	1	0	0	0	0
481	Moxalactam	0	1	1	1	0	7	2	3	1	1	0	0	1	0	0	0	0	0	0	0	0	0	1	0	2	0	1	0	0	0	0	0
482	Nalidixic acid	2	0	0	0	0	5	0	4	0	1	0	0	0	0	0	0	0	0	1	0	0	0	0	0	0	0	0	0	0	0	1	0
483	Cephalothin	1	2	0	1	0	4	0	3	1	1	1	0	1	0	0	0	0	0	0	0	0	0	0	0	0	0	1	0	0	1	0	0
484	Cephalothin	1	2	0	1	0	4	0	3	1	1	1	0	1	0	0	0	0	0	0	0	0	0	0	0	0	0	1	0	0	1	0	0
485	Cefamandole	0	2	0	1	0	7	1	3	1	1	0	0	1	0	0	0	0	0	0	0	0	1	0	1	0	0	2	0	0	0	0	0
486	Cefotaxime	1	1	0	1	0	3	0	5	1	1	1	0	1	0	0	1	0	1	0	0	0	0	0	0	0	0	1	0	0	0	0	1
487	Cefmetazole	0	1	0	1	0	1	0	3	1	1	0	0	1	0	0	0	0	0	0	0	0	0	0	0	1	0	3	0	0	0	0	0
488	Cefmetazole	0	1	0	1	0	1	0	3	1	1	0	0	1	0	0	0	0	0	0	0	0	0	0	0	1	0	3	0	0	0	0	0
489	Ampicillin	2	3	1	2	1	6	1	0	0	0	0	0	1	0	0	0	1	0	0	0	0	0	0	0	0	0	1	0	0	0	0	2
490	Nalidixic acid	2	0	0	0	0	5	0	4	0	1	0	0	0	0	0	0	0	0	1	0	0	0	0	0	0	0	0	0	0	0	1	0
491	Cefotaxime	1	1	0	1	0	3	0	5	1	1	1	0	1	0	0	1	0	1	0	0	0	0	0	0	0	0	1	0	0	0	0	1
492	Ceftizoxime	0	1	0	1	0	3	0	5	2	0	0	0	1	0	0	1	0	1	0	0	0	0	0	0	0	0	1	0	0	0	0	0
493	Nalidixic acid	2	0	0	0	0	5	0	4	0	1	0	0	0	0	0	0	0	0	1	0	0	0	0	0	0	0	0	0	0	0	1	0
494	Cefmetazole	0	1	0	1	0	1	0	3	1	1	0	0	1	0	0	0	0	0	0	0	0	0	0	0	1	0	3	0	0	0	0	0
495	Cefaclor	0	2	0	1	0	6	1	3	2	0	0	0	1	0	0	0	1	0	0	0	0	0	0	0	0	0	1	0	0	0	0	1
496	Ampicillin	2	3	1	2	1	6	1	0	0	0	0	0	1	0	0	0	1	0	0	0	0	0	0	0	0	0	1	0	0	0	0	1
497	Piperacillin	3	3	1	2	1	6	1	2	0	0	0	0	2	0	1	0	0	0	0	0	0	0	0	0	0	0	1	0	0	0	0	1
498	Nocardicin B	0	4	0	1	0	12	4	2	0	0	0	0	1	0	0	1	0	0	0	1	1	1	1	0	0	1	0	0	0	0	0	1
499	Nalidixic acid	2	0	0	0	0	5	0	4	0	1	0	0	0	0	0	0	0	0	1	0	0	0	0	0	0	0	0	0	0	0	1	0
500	Nocardicin B	0	4	0	1	0	12	4	2	0	0	0	0	1	0	0	1	0	0	0	1	1	1	1	0	0	1	0	0	0	0	0	0
501	Nalidixic acid	2	0	0	0	0	5	0	4	0	1	0	0	0	0	0	0	0	0	1	0	0	0	0	0	0	0	0	0	0	0	1	0
502	Piperacillin	3	3	1	2	1	6	1	2	0	0	0	0	2	0	1	0	0	0	0	0	0	0	0	0	0	0	1	0	0	0	0	1
503	LY097964	1	1	0	1	0	3	0	5	1	1	0	0	1	0	0	1	0	1	0	0	0	0	0	0	0	0	1	0	0	0	0	1
504	LY097964	1	1	0	1	0	3	0	5	1	1	0	0	1	0	0	1	0	1	0	0	0	0	0	0	0	0	1	0	0	0	0	1
505	Cefotaxime	1	1	0	1	0	3	0	5	1	1	1	0	1	0	0	1	0	1	0	0	0	0	0	0	0	0	1	0	0	0	0	1
506	Cefuroxime	0	1	0	1	0	4	0	5	1	1	0	0	1	1	0	1	0	0	0	0	0	0	0	0	0	0	1	0	1	0	0	0
507	Nalidixic acid	2	0	0	0	0	5	0	4	0	1	0	0	0	0	0	0	0	0	1	0	0	0	0	0	0	0	0	0	0	0	1	0
508	Cephalothin	1	2	0	1	0	4	0	3	1	1	1	0	1	0	0	0	0	0	0	0	0	0	0	0	0	0	1	0	0	1	0	0
509	Ceftazidime	2	1	1	1	0	8	0	5	1	1	0	0	1	0	0	1	0	1	0	1	0	0	0	0	0	0	1	0	0	0	1	0
510	Cefaclor	0	2	0	1	0	6	1	3	2	0	0	0	1	0	0	0	1	0	0	0	0	0	0	0	0	0	1	0	0	0	0	1
511	Piperacillin	3	3	1	2	1	6	1	2	0	0	0	0	2	0	1	0	0	0	0	0	0	0	0	0	0	0	1	0	0	0	0	0
512	Cefotaxime	1	1	0	1	0	3	0	5	1	1	1	0	1	0	0	1	0	1	0	0	0	0	0	0	0	0	1	0	0	0	0	0
513	Cephalothin	1	2	0	1	0	4	0	3	1	1	1	0	1	0	0	0	0	0	0	0	0	0	0	0	0	0	1	0	0	1	0	0
514	Cefoxitin	0	2	0	1	0	4	0	3	1	1	0	0	1	1	0	0	0	0	0	0	0	0	0	0	1	0	1	0	0	1	0	0
515	Ceftazidime	2	1	1	1	0	8	0	5	1	1	0	0	1	0	0	1	0	1	0	1	0	0	0	0	0	0	1	0	0	0	1	1
516	Piperacillin	3	3	1	2	1	6	1	2	0	0	0	0	2	0	1	0	0	0	0	0	0	0	0	0	0	0	1	0	0	0	0	0
517	Cefmetazole	0	1	0	1	0	1	0	3	1	1	0	0	1	0	0	0	0	0	0	0	0	0	0	0	1	0	3	0	0	0	0	0
518	Aztreonam	3	2	1	2	0	3	0	2	0	0	0	0	0	0	0	1	0	1	0	0	0	0	0	0	0	0	0	1	0	0	0	0
519	Cefamandole	0	2	0	1	0	7	1	3	1	1	0	0	1	0	0	0	0	0	0	0	0	1	0	1	0	0	2	0	0	0	0	1
520	Nalidixic acid	2	0	0	0	0	5	0	4	0	1	0	0	0	0	0	0	0	0	1	0	0	0	0	0	0	0	0	0	0	0	1	0
521	Cefoxitin	0	2	0	1	0	4	0	3	1	1	0	0	1	1	0	0	0	0	0	0	0	0	0	0	1	0	1	0	0	1	0	0
522	Ceftriaxone	0	1	0	1	0	3	0	8	1	1	0	0	1	0	0	1	0	1	0	0	0	0	0	0	0	0	2	0	0	0	0	0
523	Nalidixic acid	2	0	0	0	0	5	0	4	0	1	0	0	0	0	0	0	0	0	1	0	0	0	0	0	0	0	0	0	0	0	1	0
524	Nalidixic acid	2	0	0	0	0	5	0	4	0	1	0	0	0	0	0	0	0	0	1	0	0	0	0	0	0	0	0	0	0	0	1	0
525	Cefamandole	0	2	0	1	0	7	1	3	1	1	0	0	1	0	0	0	0	0	0	0	0	1	0	1	0	0	2	0	0	0	0	1
526	Sulbenicillin	2	3	1	2	1	6	1	0	0	0	0	0	1	0	0	0	0	0	0	0	0	0	0	0	0	0	1	1	0	0	0	0
527	BL-S217	1	1	0	1	0	5	0	3	1	1	1	0	1	0	0	0	0	0	0	1	0	0	0	0	0	0	2	0	0	0	1	0
528	Cefotaxime	1	1	0	1	0	3	0	5	1	1	1	0	1	0	0	1	0	1	0	0	0	0	0	0	0	0	1	0	0	0	0	1
529	Cefaclor	0	2	0	1	0	6	1	3	2	0	0	0	1	0	0	0	1	0	0	0	0	0	0	0	0	0	1	0	0	0	0	1
530	Cefotaxime	1	1	0	1	0	3	0	5	1	1	1	0	1	0	0	1	0	1	0	0	0	0	0	0	0	0	1	0	0	0	0	1
531	Nocardicin B	0	4	0	1	0	12	4	2	0	0	0	0	1	0	0	1	0	0	0	1	1	1	1	0	0	1	0	0	0	0	0	1
532	Piperacillin	3	3	1	2	1	6	1	2	0	0	0	0	2	0	1	0	0	0	0	0	0	0	0	0	0	0	1	0	0	0	0	0
533	Cefmetazole	0	1	0	1	0	1	0	3	1	1	0	0	1	0	0	0	0	0	0	0	0	0	0	0	1	0	3	0	0	0	0	0
534	Ceftriaxone	0	1	0	1	0	3	0	8	1	1	0	0	1	0	0	1	0	1	0	0	0	0	0	0	0	0	2	0	0	0	0	0
535	Sulbenicillin	2	3	1	2	1	6	1	0	0	0	0	0	1	0	0	0	0	0	0	0	0	0	0	0	0	0	1	1	0	0	0	0
536	Cefuroxime	0	1	0	1	0	4	0	5	1	1	0	0	1	1	0	1	0	0	0	0	0	0	0	0	0	0	1	0	1	0	0	0
537	Ceftizoxime	0	1	0	1	0	3	0	5	2	0	0	0	1	0	0	1	0	1	0	0	0	0	0	0	0	0	1	0	0	0	0	0
538	Ceftizoxime	0	1	0	1	0	3	0	5	2	0	0	0	1	0	0	1	0	1	0	0	0	0	0	0	0	0	1	0	0	0	0	0
539	LY097964	1	1	0	1	0	3	0	5	1	1	0	0	1	0	0	1	0	1	0	0	0	0	0	0	0	0	1	0	0	0	0	1
540	Piperacillin	3	3	1	2	1	6	1	2	0	0	0	0	2	0	1	0	0	0	0	0	0	0	0	0	0	0	1	0	0	0	0	1
541	BL-S217	1	1	0	1	0	5	0	3	1	1	1	0	1	0	0	0	0	0	0	1	0	0	0	0	0	0	2	0	0	0	1	0
542	Cephalothin	1	2	0	1	0	4	0	3	1	1	1	0	1	0	0	0	0	0	0	0	0	0	0	0	0	0	1	0	0	1	0	0
543	Piperacillin	3	3	1	2	1	6	1	2	0	0	0	0	2	0	1	0	0	0	0	0	0	0	0	0	0	0	1	0	0	0	0	1
544	Cefaclor	0	2	0	1	0	6	1	3	2	0	0	0	1	0	0	0	1	0	0	0	0	0	0	0	0	0	1	0	0	0	0	1
545	Nalidixic acid	2	0	0	0	0	5	0	4	0	1	0	0	0	0	0	0	0	0	1	0	0	0	0	0	0	0	0	0	0	0	1	0
546	BL-S217	1	1	0	1	0	5	0	3	1	1	1	0	1	0	0	0	0	0	0	1	0	0	0	0	0	0	2	0	0	0	1	0
547	Cefuroxime	0	1	0	1	0	4	0	5	1	1	0	0	1	1	0	1	0	0	0	0	0	0	0	0	0	0	1	0	1	0	0	0
548	Nalidixic acid	2	0	0	0	0	5	0	4	0	1	0	0	0	0	0	0	0	0	1	0	0	0	0	0	0	0	0	0	0	0	1	0
549	Piperacillin	3	3	1	2	1	6	1	2	0	0	0	0	2	0	1	0	0	0	0	0	0	0	0	0	0	0	1	0	0	0	0	1
550	Cephaloglycin	1	2	0	1	0	6	1	3	1	1	1	0	1	0	0	0	1	0	0	0	0	0	0	0	0	0	1	0	0	0	0	0
551	Nocardicin B	0	4	0	1	0	12	4	2	0	0	0	0	1	0	0	1	0	0	0	1	1	1	1	0	0	1	0	0	0	0	0	1
552	Nalidixic acid	2	0	0	0	0	5	0	4	0	1	0	0	0	0	0	0	0	0	1	0	0	0	0	0	0	0	0	0	0	0	1	0
553	LY097964	1	1	0	1	0	3	0	5	1	1	0	0	1	0	0	1	0	1	0	0	0	0	0	0	0	0	1	0	0	0	0	1
554	BL-S217	1	1	0	1	0	5	0	3	1	1	1	0	1	0	0	0	0	0	0	1	0	0	0	0	0	0	2	0	0	0	1	0
555	Piperacillin	3	3	1	2	1	6	1	2	0	0	0	0	2	0	1	0	0	0	0	0	0	0	0	0	0	0	1	0	0	0	0	1
556	Cephalosporin C	0	5	0	1	0	0	0	3	1	1	1	0	1	0	0	0	0	0	0	1	1	0	0	0	0	0	1	0	0	0	0	0
557	Cefoxitin	0	2	0	1	0	4	0	3	1	1	0	0	1	1	0	0	0	0	0	0	0	0	0	0	1	0	1	0	0	1	0	0
558	BL-S217	1	1	0	1	0	5	0	3	1	1	1	0	1	0	0	0	0	0	0	1	0	0	0	0	0	0	2	0	0	0	1	0
559	BL-S217	1	1	0	1	0	5	0	3	1	1	1	0	1	0	0	0	0	0	0	1	0	0	0	0	0	0	2	0	0	0	1	0
560	Nocardicin B	0	4	0	1	0	12	4	2	0	0	0	0	1	0	0	1	0	0	0	1	1	1	1	0	0	1	0	0	0	0	0	2
561	Cephaloglycin	1	2	0	1	0	6	1	3	1	1	1	0	1	0	0	0	1	0	0	0	0	0	0	0	0	0	1	0	0	0	0	2
562	Cephaloglycin	1	2	0	1	0	6	1	3	1	1	1	0	1	0	0	0	1	0	0	0	0	0	0	0	0	0	1	0	0	0	0	2
563	Cephalothin	1	2	0	1	0	4	0	3	1	1	1	0	1	0	0	0	0	0	0	0	0	0	0	0	0	0	1	0	0	1	0	0
564	BL-S217	1	1	0	1	0	5	0	3	1	1	1	0	1	0	0	0	0	0	0	1	0	0	0	0	0	0	2	0	0	0	1	0
565	Cefotaxime	1	1	0	1	0	3	0	5	1	1	1	0	1	0	0	1	0	1	0	0	0	0	0	0	0	0	1	0	0	0	0	0
566	Ceftriaxone	0	1	0	1	0	3	0	8	1	1	0	0	1	0	0	1	0	1	0	0	0	0	0	0	0	0	2	0	0	0	0	1
567	Cephalothin	1	2	0	1	0	4	0	3	1	1	1	0	1	0	0	0	0	0	0	0	0	0	0	0	0	0	1	0	0	1	0	0
568	Cefotaxime	1	1	0	1	0	3	0	5	1	1	1	0	1	0	0	1	0	1	0	0	0	0	0	0	0	0	1	0	0	0	0	0
569	Cephalothin	1	2	0	1	0	4	0	3	1	1	1	0	1	0	0	0	0	0	0	0	0	0	0	0	0	0	1	0	0	1	0	0
570	Cephalothin	1	2	0	1	0	4	0	3	1	1	1	0	1	0	0	0	0	0	0	0	0	0	0	0	0	0	1	0	0	1	0	0
