No.	NAME	C-002	C-003	C-005	C-006	C-008	C-009	C-011	C-012	C-016	C-019	C-024	C-025	C-026	C-027	C-028	C-029	C-033	C-034	C-039	C-040	C-041	C-042	C-044	H-046	H-047	H-048	H-049	H-051	H-052	H-053	O-058	O-060	O-062	N-068	N-072	N-074	N-079
1	Ceftriaxone	0	0	2	2	1	1	0	0	0	1	0	0	0	0	1	0	1	0	1	5	1	0	1	0	11	2	0	0	0	0	5	1	1	1	2	2	0
2	Nocardicin B	1	0	0	2	3	0	0	0	0	0	8	2	2	0	0	0	0	0	1	4	0	0	0	0	15	0	0	0	0	2	4	2	2	0	2	1	1
3	BL-S217	0	0	1	3	1	1	0	0	0	1	2	0	1	2	0	0	0	0	0	4	0	0	0	0	12	1	2	3	0	0	4	1	1	0	2	0	0
4	Nocardicin B	1	0	0	2	3	0	0	0	0	0	8	2	2	0	0	0	0	0	1	4	0	0	0	0	15	0	0	0	0	2	4	2	2	0	2	1	1
5	Ceftazidime	0	0	0	2	1	1	1	0	0	1	3	0	0	2	1	0	1	0	1	4	0	0	1	0	8	2	2	0	6	0	4	1	2	0	2	1	0
6	Cefoperazone	0	0	1	5	2	1	0	0	0	1	4	1	1	0	0	0	0	0	0	5	1	0	1	0	19	1	0	0	3	0	6	0	1	0	5	0	0
7	SCE-796	0	1	0	2	1	1	0	0	0	1	7	2	0	2	0	0	0	0	0	5	0	0	0	0	12	1	2	1	0	0	5	0	2	0	3	0	0
8	Imipenem	1	1	0	2	2	0	0	0	0	2	0	0	0	0	0	0	0	0	0	3	0	0	0	0	6	0	1	1	3	2	2	0	1	0	1	0	1
9	Ceftazidime	0	0	0	2	1	1	1	0	0	1	3	0	0	2	1	0	1	0	1	4	0	0	1	0	8	2	2	0	6	0	4	1	2	0	2	1	0
10	Ceftazidime	0	0	0	2	1	1	1	0	0	1	3	0	0	2	1	0	1	0	1	4	0	0	1	0	8	2	2	0	6	0	4	1	2	0	2	1	0
11	Cefoperazone	0	0	1	5	2	1	0	0	0	1	4	1	1	0	0	0	0	0	0	5	1	0	1	0	19	1	0	0	3	0	6	0	1	0	5	0	0
12	Cefsulodin	0	0	0	2	2	1	0	0	0	1	7	2	0	2	0	0	0	0	0	4	0	0	0	0	13	1	2	0	0	0	6	0	2	0	3	0	0
13	SCE-796	0	1	0	2	1	1	0	0	0	1	7	2	0	2	0	0	0	0	0	5	0	0	0	0	12	1	2	1	0	0	5	0	2	0	3	0	0
14	Cefsulodin	0	0	0	2	2	1	0	0	0	1	7	2	0	2	0	0	0	0	0	4	0	0	0	0	13	1	2	0	0	0	6	0	2	0	3	0	0
15	Cefsulodin	0	0	0	2	2	1	0	0	0	1	7	2	0	2	0	0	0	0	0	4	0	0	0	0	13	1	2	0	0	0	6	0	2	0	3	0	0
16	Imipenem	1	1	0	2	2	0	0	0	0	2	0	0	0	0	0	0	0	0	0	3	0	0	0	0	6	0	1	1	3	2	2	0	1	0	1	0	1
17	Ceftazidime	0	0	0	2	1	1	1	0	0	1	3	0	0	2	1	0	1	0	1	4	0	0	1	0	8	2	2	0	6	0	4	1	2	0	2	1	0
18	Cefsulodin	0	0	0	2	2	1	0	0	0	1	7	2	0	2	0	0	0	0	0	4	0	0	0	0	13	1	2	0	0	0	6	0	2	0	3	0	0
19	Cefsulodin	0	0	0	2	2	1	0	0	0	1	7	2	0	2	0	0	0	0	0	4	0	0	0	0	13	1	2	0	0	0	6	0	2	0	3	0	0
20	Nocardicin B	1	0	0	2	3	0	0	0	0	0	8	2	2	0	0	0	0	0	1	4	0	0	0	0	15	0	0	0	0	2	4	2	2	0	2	1	1
21	Imipenem	1	1	0	2	2	0	0	0	0	2	0	0	0	0	0	0	0	0	0	3	0	0	0	0	6	0	1	1	3	2	2	0	1	0	1	0	1
22	Imipenem	1	1	0	2	2	0	0	0	0	2	0	0	0	0	0	0	0	0	0	3	0	0	0	0	6	0	1	1	3	2	2	0	1	0	1	0	1
23	Imipenem	1	1	0	2	2	0	0	0	0	2	0	0	0	0	0	0	0	0	0	3	0	0	0	0	6	0	1	1	3	2	2	0	1	0	1	0	1
24	Imipenem	1	1	0	2	2	0	0	0	0	2	0	0	0	0	0	0	0	0	0	3	0	0	0	0	6	0	1	1	3	2	2	0	1	0	1	0	1
25	Imipenem	1	1	0	2	2	0	0	0	0	2	0	0	0	0	0	0	0	0	0	3	0	0	0	0	6	0	1	1	3	2	2	0	1	0	1	0	1
26	Cyclacillin	5	0	0	0	2	1	2	0	0	0	0	0	0	0	0	0	0	0	0	3	0	0	0	6	2	1	0	0	10	0	3	0	1	0	2	0	1
27	Imipenem	1	1	0	2	2	0	0	0	0	2	0	0	0	0	0	0	0	0	0	3	0	0	0	0	6	0	1	1	3	2	2	0	1	0	1	0	1
28	Ceftazidime	0	0	0	2	1	1	1	0	0	1	3	0	0	2	1	0	1	0	1	4	0	0	1	0	8	2	2	0	6	0	4	1	2	0	2	1	0
29	Ceftazidime	0	0	0	2	1	1	1	0	0	1	3	0	0	2	1	0	1	0	1	4	0	0	1	0	8	2	2	0	6	0	4	1	2	0	2	1	0
30	Cefoperazone	0	0	1	5	2	1	0	0	0	1	4	1	1	0	0	0	0	0	0	5	1	0	1	0	19	1	0	0	3	0	6	0	1	0	5	0	0
31	Ceftazidime	0	0	0	2	1	1	1	0	0	1	3	0	0	2	1	0	1	0	1	4	0	0	1	0	8	2	2	0	6	0	4	1	2	0	2	1	0
32	Cefoperazone	0	0	1	5	2	1	0	0	0	1	4	1	1	0	0	0	0	0	0	5	1	0	1	0	19	1	0	0	3	0	6	0	1	0	5	0	0
33	Ceftazidime	0	0	0	2	1	1	1	0	0	1	3	0	0	2	1	0	1	0	1	4	0	0	1	0	8	2	2	0	6	0	4	1	2	0	2	1	0
34	Imipenem	1	1	0	2	2	0	0	0	0	2	0	0	0	0	0	0	0	0	0	3	0	0	0	0	6	0	1	1	3	2	2	0	1	0	1	0	1
35	Cefoperazone	0	0	1	5	2	1	0	0	0	1	4	1	1	0	0	0	0	0	0	5	1	0	1	0	19	1	0	0	3	0	6	0	1	0	5	0	0
36	Ceftazidime	0	0	0	2	1	1	1	0	0	1	3	0	0	2	1	0	1	0	1	4	0	0	1	0	8	2	2	0	6	0	4	1	2	0	2	1	0
37	Ceftriaxone	0	0	2	2	1	1	0	0	0	1	0	0	0	0	1	0	1	0	1	5	1	0	1	0	11	2	0	0	0	0	5	1	1	1	2	2	0
38	Ceftazidime	0	0	0	2	1	1	1	0	0	1	3	0	0	2	1	0	1	0	1	4	0	0	1	0	8	2	2	0	6	0	4	1	2	0	2	1	0
39	Cefsulodin	0	0	0	2	2	1	0	0	0	1	7	2	0	2	0	0	0	0	0	4	0	0	0	0	13	1	2	0	0	0	6	0	2	0	3	0	0
40	Ceftazidime	0	0	0	2	1	1	1	0	0	1	3	0	0	2	1	0	1	0	1	4	0	0	1	0	8	2	2	0	6	0	4	1	2	0	2	1	0
41	Nocardicin B	1	0	0	2	3	0	0	0	0	0	8	2	2	0	0	0	0	0	1	4	0	0	0	0	15	0	0	0	0	2	4	2	2	0	2	1	1
42	Cyclacillin	5	0	0	0	2	1	2	0	0	0	0	0	0	0	0	0	0	0	0	3	0	0	0	6	2	1	0	0	10	0	3	0	1	0	2	0	1
43	Cefuroxime	0	0	1	2	1	1	0	0	0	1	2	0	0	0	0	0	1	1	1	3	1	0	0	0	10	2	0	0	0	0	4	3	1	0	3	1	0
44	Cefuroxime	0	0	1	2	1	1	0	0	0	1	2	0	0	0	0	0	1	1	1	3	1	0	0	0	10	2	0	0	0	0	4	3	1	0	3	1	0
45	Cefuroxime	0	0	1	2	1	1	0	0	0	1	2	0	0	0	0	0	1	1	1	3	1	0	0	0	10	2	0	0	0	0	4	3	1	0	3	1	0
46	Imipenem	1	1	0	2	2	0	0	0	0	2	0	0	0	0	0	0	0	0	0	3	0	0	0	0	6	0	1	1	3	2	2	0	1	0	1	0	1
47	Cefmetazole	0	0	2	4	0	1	0	1	0	1	0	0	0	0	0	0	0	0	0	4	0	0	1	0	14	1	0	0	0	0	3	0	1	0	2	1	0
48	Ceftazidime	0	0	0	2	1	1	1	0	0	1	3	0	0	2	1	0	1	0	1	4	0	0	1	0	8	2	2	0	6	0	4	1	2	0	2	1	0
49	Cefoperazone	0	0	1	5	2	1	0	0	0	1	4	1	1	0	0	0	0	0	0	5	1	0	1	0	19	1	0	0	3	0	6	0	1	0	5	0	0
50	Imipenem	1	1	0	2	2	0	0	0	0	2	0	0	0	0	0	0	0	0	0	3	0	0	0	0	6	0	1	1	3	2	2	0	1	0	1	0	1
51	Ofloxacin	0	0	1	5	1	0	0	0	0	0	1	1	4	0	0	0	0	0	1	1	0	0	0	0	15	1	0	0	3	0	2	1	1	0	0	0	1
52	Nocardicin B	1	0	0	2	3	0	0	0	0	0	8	2	2	0	0	0	0	0	1	4	0	0	0	0	15	0	0	0	0	2	4	2	2	0	2	1	1
53	SCE-796	0	1	0	2	1	1	0	0	0	1	7	2	0	2	0	0	0	0	0	5	0	0	0	0	12	1	2	1	0	0	5	0	2	0	3	0	0
54	Cefsulodin	0	0	0	2	2	1	0	0	0	1	7	2	0	2	0	0	0	0	0	4	0	0	0	0	13	1	2	0	0	0	6	0	2	0	3	0	0
55	SCE-796	0	1	0	2	1	1	0	0	0	1	7	2	0	2	0	0	0	0	0	5	0	0	0	0	12	1	2	1	0	0	5	0	2	0	3	0	0
56	Ceftazidime	0	0	0	2	1	1	1	0	0	1	3	0	0	2	1	0	1	0	1	4	0	0	1	0	8	2	2	0	6	0	4	1	2	0	2	1	0
57	Cefoperazone	0	0	1	5	2	1	0	0	0	1	4	1	1	0	0	0	0	0	0	5	1	0	1	0	19	1	0	0	3	0	6	0	1	0	5	0	0
58	Aztreonam	0	0	0	0	2	0	1	0	0	0	0	0	0	0	1	0	1	0	1	3	0	0	1	0	2	1	0	0	9	0	5	1	2	0	2	1	0
59	Imipenem	1	1	0	2	2	0	0	0	0	2	0	0	0	0	0	0	0	0	0	3	0	0	0	0	6	0	1	1	3	2	2	0	1	0	1	0	1
60	Moxalactam	0	1	2	2	0	1	0	1	0	1	4	1	1	0	0	0	0	0	0	4	0	0	1	0	14	1	0	1	0	0	4	0	2	0	2	0	0
61	SCE-796	0	1	0	2	1	1	0	0	0	1	7	2	0	2	0	0	0	0	0	5	0	0	0	0	12	1	2	1	0	0	5	0	2	0	3	0	0
62	Imipenem	1	1	0	2	2	0	0	0	0	2	0	0	0	0	0	0	0	0	0	3	0	0	0	0	6	0	1	1	3	2	2	0	1	0	1	0	1
63	Imipenem	1	1	0	2	2	0	0	0	0	2	0	0	0	0	0	0	0	0	0	3	0	0	0	0	6	0	1	1	3	2	2	0	1	0	1	0	1
64	Cefoxitin	1	0	1	2	0	1	0	1	0	1	2	0	0	0	0	0	1	1	0	3	1	0	0	0	9	2	0	2	0	0	4	1	1	0	3	0	0
65	Nocardicin B	1	0	0	2	3	0	0	0	0	0	8	2	2	0	0	0	0	0	1	4	0	0	0	0	15	0	0	0	0	2	4	2	2	0	2	1	1
66	Cefuroxime	0	0	1	2	1	1	0	0	0	1	2	0	0	0	0	0	1	1	1	3	1	0	0	0	10	2	0	0	0	0	4	3	1	0	3	1	0
67	Cefamandole	0	0	1	2	2	1	0	0	0	1	5	1	0	0	0	0	0	0	0	3	0	0	1	0	14	1	0	0	0	0	3	0	1	0	2	0	0
68	SCE-796	0	1	0	2	1	1	0	0	0	1	7	2	0	2	0	0	0	0	0	5	0	0	0	0	12	1	2	1	0	0	5	0	2	0	3	0	0
69	Cephalexin	0	0	0	1	2	1	0	0	0	1	5	1	0	0	0	0	0	0	0	3	0	0	0	3	9	1	0	0	0	0	3	0	1	0	2	0	0
70	Imipenem	1	1	0	2	2	0	0	0	0	2	0	0	0	0	0	0	0	0	0	3	0	0	0	0	6	0	1	1	3	2	2	0	1	0	1	0	1
71	Cefamandole	0	0	1	2	2	1	0	0	0	1	5	1	0	0	0	0	0	0	0	3	0	0	1	0	14	1	0	0	0	0	3	0	1	0	2	0	0
72	Moxalactam	0	1	2	2	0	1	0	1	0	1	4	1	1	0	0	0	0	0	0	4	0	0	1	0	14	1	0	1	0	0	4	0	2	0	2	0	0
73	Nocardicin B	1	0	0	2	3	0	0	0	0	0	8	2	2	0	0	0	0	0	1	4	0	0	0	0	15	0	0	0	0	2	4	2	2	0	2	1	1
74	Cefoperazone	0	0	1	5	2	1	0	0	0	1	4	1	1	0	0	0	0	0	0	5	1	0	1	0	19	1	0	0	3	0	6	0	1	0	5	0	0
75	SCE-796	0	1	0	2	1	1	0	0	0	1	7	2	0	2	0	0	0	0	0	5	0	0	0	0	12	1	2	1	0	0	5	0	2	0	3	0	0
76	BL-S217	0	0	1	3	1	1	0	0	0	1	2	0	1	2	0	0	0	0	0	4	0	0	0	0	12	1	2	3	0	0	4	1	1	0	2	0	0
77	Imipenem	1	1	0	2	2	0	0	0	0	2	0	0	0	0	0	0	0	0	0	3	0	0	0	0	6	0	1	1	3	2	2	0	1	0	1	0	1
78	Cyclacillin	5	0	0	0	2	1	2	0	0	0	0	0	0	0	0	0	0	0	0	3	0	0	0	6	2	1	0	0	10	0	3	0	1	0	2	0	1
79	Cefoperazone	0	0	1	5	2	1	0	0	0	1	4	1	1	0	0	0	0	0	0	5	1	0	1	0	19	1	0	0	3	0	6	0	1	0	5	0	0
80	Moxalactam	0	1	2	2	0	1	0	1	0	1	4	1	1	0	0	0	0	0	0	4	0	0	1	0	14	1	0	1	0	0	4	0	2	0	2	0	0
81	Imipenem	1	1	0	2	2	0	0	0	0	2	0	0	0	0	0	0	0	0	0	3	0	0	0	0	6	0	1	1	3	2	2	0	1	0	1	0	1
82	Cefmetazole	0	0	2	4	0	1	0	1	0	1	0	0	0	0	0	0	0	0	0	4	0	0	1	0	14	1	0	0	0	0	3	0	1	0	2	1	0
83	Cefotaxime	0	0	1	2	1	1	0	0	0	1	0	0	0	0	1	0	1	0	1	4	0	0	1	0	8	2	0	3	0	0	4	2	1	0	2	1	0
84	Cefsulodin	0	0	0	2	2	1	0	0	0	1	7	2	0	2	0	0	0	0	0	4	0	0	0	0	13	1	2	0	0	0	6	0	2	0	3	0	0
85	Ofloxacin	0	0	1	5	1	0	0	0	0	0	1	1	4	0	0	0	0	0	1	1	0	0	0	0	15	1	0	0	3	0	2	1	1	0	0	0	1
86	Cefuroxime	0	0	1	2	1	1	0	0	0	1	2	0	0	0	0	0	1	1	1	3	1	0	0	0	10	2	0	0	0	0	4	3	1	0	3	1	0
87	Cephaloglycin	0	0	0	2	2	1	0	0	0	1	5	1	0	0	0	0	0	0	0	4	0	0	0	0	11	1	0	3	0	0	4	1	1	0	2	0	0
88	Cefoperazone	0	0	1	5	2	1	0	0	0	1	4	1	1	0	0	0	0	0	0	5	1	0	1	0	19	1	0	0	3	0	6	0	1	0	5	0	0
89	Cefaclor	0	0	0	1	2	1	0	0	0	2	5	1	0	0	0	0	0	0	0	3	0	0	0	0	9	1	0	0	0	0	3	0	1	0	2	0	0
90	Cefaclor	0	0	0	1	2	1	0	0	0	2	5	1	0	0	0	0	0	0	0	3	0	0	0	0	9	1	0	0	0	0	3	0	1	0	2	0	0
91	Cefuroxime	0	0	1	2	1	1	0	0	0	1	2	0	0	0	0	0	1	1	1	3	1	0	0	0	10	2	0	0	0	0	4	3	1	0	3	1	0
92	Cephaloridine	1	0	0	2	1	1	0	0	0	1	5	0	0	2	0	0	1	1	0	3	0	0	0	0	10	2	2	2	0	0	3	0	1	0	2	0	0
93	Cefsulodin	0	0	0	2	2	1	0	0	0	1	7	2	0	2	0	0	0	0	0	4	0	0	0	0	13	1	2	0	0	0	6	0	2	0	3	0	0
94	Cefuroxime	0	0	1	2	1	1	0	0	0	1	2	0	0	0	0	0	1	1	1	3	1	0	0	0	10	2	0	0	0	0	4	3	1	0	3	1	0
95	Imipenem	1	1	0	2	2	0	0	0	0	2	0	0	0	0	0	0	0	0	0	3	0	0	0	0	6	0	1	1	3	2	2	0	1	0	1	0	1
96	BL-S217	0	0	1	3	1	1	0	0	0	1	2	0	1	2	0	0	0	0	0	4	0	0	0	0	12	1	2	3	0	0	4	1	1	0	2	0	0
97	Cephalosporin C	3	0	0	2	2	1	0	0	0	1	0	0	0	0	0	0	0	0	0	5	0	0	0	2	6	1	1	2	2	0	5	1	2	0	2	0	1
98	Ceftazidime	0	0	0	2	1	1	1	0	0	1	3	0	0	2	1	0	1	0	1	4	0	0	1	0	8	2	2	0	6	0	4	1	2	0	2	1	0
99	Imipenem	1	1	0	2	2	0	0	0	0	2	0	0	0	0	0	0	0	0	0	3	0	0	0	0	6	0	1	1	3	2	2	0	1	0	1	0	1
100	Cefotaxime	0	0	1	2	1	1	0	0	0	1	0	0	0	0	1	0	1	0	1	4	0	0	1	0	8	2	0	3	0	0	4	2	1	0	2	1	0
101	Cyclacillin	5	0	0	0	2	1	2	0	0	0	0	0	0	0	0	0	0	0	0	3	0	0	0	6	2	1	0	0	10	0	3	0	1	0	2	0	1
102	Cefoperazone	0	0	1	5	2	1	0	0	0	1	4	1	1	0	0	0	0	0	0	5	1	0	1	0	19	1	0	0	3	0	6	0	1	0	5	0	0
103	Cefsulodin	0	0	0	2	2	1	0	0	0	1	7	2	0	2	0	0	0	0	0	4	0	0	0	0	13	1	2	0	0	0	6	0	2	0	3	0	0
104	Cefmetazole	0	0	2	4	0	1	0	1	0	1	0	0	0	0	0	0	0	0	0	4	0	0	1	0	14	1	0	0	0	0	3	0	1	0	2	1	0
105	Ceftazidime	0	0	0	2	1	1	1	0	0	1	3	0	0	2	1	0	1	0	1	4	0	0	1	0	8	2	2	0	6	0	4	1	2	0	2	1	0
106	Imipenem	1	1	0	2	2	0	0	0	0	2	0	0	0	0	0	0	0	0	0	3	0	0	0	0	6	0	1	1	3	2	2	0	1	0	1	0	1
107	Nocardicin B	1	0	0	2	3	0	0	0	0	0	8	2	2	0	0	0	0	0	1	4	0	0	0	0	15	0	0	0	0	2	4	2	2	0	2	1	1
108	Cephalexin	0	0	0	1	2	1	0	0	0	1	5	1	0	0	0	0	0	0	0	3	0	0	0	3	9	1	0	0	0	0	3	0	1	0	2	0	0
109	Moxalactam	0	1	2	2	0	1	0	1	0	1	4	1	1	0	0	0	0	0	0	4	0	0	1	0	14	1	0	1	0	0	4	0	2	0	2	0	0
110	SCE-796	0	1	0	2	1	1	0	0	0	1	7	2	0	2	0	0	0	0	0	5	0	0	0	0	12	1	2	1	0	0	5	0	2	0	3	0	0
111	Cefuroxime	0	0	1	2	1	1	0	0	0	1	2	0	0	0	0	0	1	1	1	3	1	0	0	0	10	2	0	0	0	0	4	3	1	0	3	1	0
112	Cyclacillin	5	0	0	0	2	1	2	0	0	0	0	0	0	0	0	0	0	0	0	3	0	0	0	6	2	1	0	0	10	0	3	0	1	0	2	0	1
113	Cefuroxime	0	0	1	2	1	1	0	0	0	1	2	0	0	0	0	0	1	1	1	3	1	0	0	0	10	2	0	0	0	0	4	3	1	0	3	1	0
114	Cefuroxime	0	0	1	2	1	1	0	0	0	1	2	0	0	0	0	0	1	1	1	3	1	0	0	0	10	2	0	0	0	0	4	3	1	0	3	1	0
115	Cefaclor	0	0	0	1	2	1	0	0	0	2	5	1	0	0	0	0	0	0	0	3	0	0	0	0	9	1	0	0	0	0	3	0	1	0	2	0	0
116	Ceftriaxone	0	0	2	2	1	1	0	0	0	1	0	0	0	0	1	0	1	0	1	5	1	0	1	0	11	2	0	0	0	0	5	1	1	1	2	2	0
117	Cefuroxime	0	0	1	2	1	1	0	0	0	1	2	0	0	0	0	0	1	1	1	3	1	0	0	0	10	2	0	0	0	0	4	3	1	0	3	1	0
118	BL-S217	0	0	1	3	1	1	0	0	0	1	2	0	1	2	0	0	0	0	0	4	0	0	0	0	12	1	2	3	0	0	4	1	1	0	2	0	0
119	Ceftizoxime	0	0	1	1	1	1	0	0	1	1	0	0	0	0	1	0	1	0	1	3	0	0	1	0	7	2	0	0	0	0	3	1	1	0	2	1	0
120	Cyclacillin	5	0	0	0	2	1	2	0	0	0	0	0	0	0	0	0	0	0	0	3	0	0	0	6	2	1	0	0	10	0	3	0	1	0	2	0	1
121	Cephalexin	0	0	0	1	2	1	0	0	0	1	5	1	0	0	0	0	0	0	0	3	0	0	0	3	9	1	0	0	0	0	3	0	1	0	2	0	0
122	Nocardicin B	1	0	0	2	3	0	0	0	0	0	8	2	2	0	0	0	0	0	1	4	0	0	0	0	15	0	0	0	0	2	4	2	2	0	2	1	1
123	Cefamandole	0	0	1	2	2	1	0	0	0	1	5	1	0	0	0	0	0	0	0	3	0	0	1	0	14	1	0	0	0	0	3	0	1	0	2	0	0
124	Cefazolin	0	0	0	3	1	1	0	0	0	1	0	0	0	0	0	0	0	0	0	3	0	1	1	0	7	1	1	3	0	0	3	0	1	0	2	0	0
125	Cephalosporin C	3	0	0	2	2	1	0	0	0	1	0	0	0	0	0	0	0	0	0	5	0	0	0	2	6	1	1	2	2	0	5	1	2	0	2	0	1
126	Cefoxitin	1	0	1	2	0	1	0	1	0	1	2	0	0	0	0	0	1	1	0	3	1	0	0	0	9	2	0	2	0	0	4	1	1	0	3	0	0
127	Ceftazidime	0	0	0	2	1	1	1	0	0	1	3	0	0	2	1	0	1	0	1	4	0	0	1	0	8	2	2	0	6	0	4	1	2	0	2	1	0
128	Cyclacillin	5	0	0	0	2	1	2	0	0	0	0	0	0	0	0	0	0	0	0	3	0	0	0	6	2	1	0	0	10	0	3	0	1	0	2	0	1
129	Ceftriaxone	0	0	2	2	1	1	0	0	0	1	0	0	0	0	1	0	1	0	1	5	1	0	1	0	11	2	0	0	0	0	5	1	1	1	2	2	0
130	Cefuroxime	0	0	1	2	1	1	0	0	0	1	2	0	0	0	0	0	1	1	1	3	1	0	0	0	10	2	0	0	0	0	4	3	1	0	3	1	0
131	Cefuroxime	0	0	1	2	1	1	0	0	0	1	2	0	0	0	0	0	1	1	1	3	1	0	0	0	10	2	0	0	0	0	4	3	1	0	3	1	0
132	Imipenem	1	1	0	2	2	0	0	0	0	2	0	0	0	0	0	0	0	0	0	3	0	0	0	0	6	0	1	1	3	2	2	0	1	0	1	0	1
133	Ampicillin	0	0	0	0	3	1	1	0	0	0	5	1	0	0	0	0	0	0	0	3	0	0	0	0	8	1	0	0	6	0	3	0	1	0	2	0	0
134	Ceftazidime	0	0	0	2	1	1	1	0	0	1	3	0	0	2	1	0	1	0	1	4	0	0	1	0	8	2	2	0	6	0	4	1	2	0	2	1	0
135	Cefuroxime	0	0	1	2	1	1	0	0	0	1	2	0	0	0	0	0	1	1	1	3	1	0	0	0	10	2	0	0	0	0	4	3	1	0	3	1	0
136	Imipenem	1	1	0	2	2	0	0	0	0	2	0	0	0	0	0	0	0	0	0	3	0	0	0	0	6	0	1	1	3	2	2	0	1	0	1	0	1
137	Cephalosporin C	3	0	0	2	2	1	0	0	0	1	0	0	0	0	0	0	0	0	0	5	0	0	0	2	6	1	1	2	2	0	5	1	2	0	2	0	1
138	Ceftizoxime	0	0	1	1	1	1	0	0	1	1	0	0	0	0	1	0	1	0	1	3	0	0	1	0	7	2	0	0	0	0	3	1	1	0	2	1	0
139	Ceftriaxone	0	0	2	2	1	1	0	0	0	1	0	0	0	0	1	0	1	0	1	5	1	0	1	0	11	2	0	0	0	0	5	1	1	1	2	2	0
140	Cefazolin	0	0	0	3	1	1	0	0	0	1	0	0	0	0	0	0	0	0	0	3	0	1	1	0	7	1	1	3	0	0	3	0	1	0	2	0	0
141	Cephalosporin C	3	0	0	2	2	1	0	0	0	1	0	0	0	0	0	0	0	0	0	5	0	0	0	2	6	1	1	2	2	0	5	1	2	0	2	0	1
142	Imipenem	1	1	0	2	2	0	0	0	0	2	0	0	0	0	0	0	0	0	0	3	0	0	0	0	6	0	1	1	3	2	2	0	1	0	1	0	1
143	Cefacetrile	1	0	0	2	1	1	0	0	0	1	0	0	0	0	0	0	0	0	0	5	0	0	0	0	5	1	0	5	0	0	4	1	1	0	2	1	0
144	Nocardicin B	1	0	0	2	3	0	0	0	0	0	8	2	2	0	0	0	0	0	1	4	0	0	0	0	15	0	0	0	0	2	4	2	2	0	2	1	1
145	Cefuroxime	0	0	1	2	1	1	0	0	0	1	2	0	0	0	0	0	1	1	1	3	1	0	0	0	10	2	0	0	0	0	4	3	1	0	3	1	0
146	Aztreonam	0	0	0	0	2	0	1	0	0	0	0	0	0	0	1	0	1	0	1	3	0	0	1	0	2	1	0	0	9	0	5	1	2	0	2	1	0
147	Cefaclor	0	0	0	1	2	1	0	0	0	2	5	1	0	0	0	0	0	0	0	3	0	0	0	0	9	1	0	0	0	0	3	0	1	0	2	0	0
148	Aztreonam	0	0	0	0	2	0	1	0	0	0	0	0	0	0	1	0	1	0	1	3	0	0	1	0	2	1	0	0	9	0	5	1	2	0	2	1	0
149	LY097964	0	0	1	1	1	1	0	0	0	1	0	0	0	0	1	0	1	0	1	3	0	0	1	3	6	2	0	0	0	0	3	1	1	0	2	1	0
150	LY097964	0	0	1	1	1	1	0	0	0	1	0	0	0	0	1	0	1	0	1	3	0	0	1	3	6	2	0	0	0	0	3	1	1	0	2	1	0
151	Ceftazidime	0	0	0	2	1	1	1	0	0	1	3	0	0	2	1	0	1	0	1	4	0	0	1	0	8	2	2	0	6	0	4	1	2	0	2	1	0
152	Nocardicin B	1	0	0	2	3	0	0	0	0	0	8	2	2	0	0	0	0	0	1	4	0	0	0	0	15	0	0	0	0	2	4	2	2	0	2	1	1
153	Cefacetrile	1	0	0	2	1	1	0	0	0	1	0	0	0	0	0	0	0	0	0	5	0	0	0	0	5	1	0	5	0	0	4	1	1	0	2	1	0
154	Aztreonam	0	0	0	0	2	0	1	0	0	0	0	0	0	0	1	0	1	0	1	3	0	0	1	0	2	1	0	0	9	0	5	1	2	0	2	1	0
155	BL-S217	0	0	1	3	1	1	0	0	0	1	2	0	1	2	0	0	0	0	0	4	0	0	0	0	12	1	2	3	0	0	4	1	1	0	2	0	0
156	Ceftazidime	0	0	0	2	1	1	1	0	0	1	3	0	0	2	1	0	1	0	1	4	0	0	1	0	8	2	2	0	6	0	4	1	2	0	2	1	0
157	Cefuroxime	0	0	1	2	1	1	0	0	0	1	2	0	0	0	0	0	1	1	1	3	1	0	0	0	10	2	0	0	0	0	4	3	1	0	3	1	0
158	Cephaloglycin	0	0	0	2	2	1	0	0	0	1	5	1	0	0	0	0	0	0	0	4	0	0	0	0	11	1	0	3	0	0	4	1	1	0	2	0	0
159	Cefaclor	0	0	0	1	2	1	0	0	0	2	5	1	0	0	0	0	0	0	0	3	0	0	0	0	9	1	0	0	0	0	3	0	1	0	2	0	0
160	Cephaloglycin	0	0	0	2	2	1	0	0	0	1	5	1	0	0	0	0	0	0	0	4	0	0	0	0	11	1	0	3	0	0	4	1	1	0	2	0	0
161	Cyclacillin	5	0	0	0	2	1	2	0	0	0	0	0	0	0	0	0	0	0	0	3	0	0	0	6	2	1	0	0	10	0	3	0	1	0	2	0	1
162	Cephaloridine	1	0	0	2	1	1	0	0	0	1	5	0	0	2	0	0	1	1	0	3	0	0	0	0	10	2	2	2	0	0	3	0	1	0	2	0	0
163	Cefacetrile	1	0	0	2	1	1	0	0	0	1	0	0	0	0	0	0	0	0	0	5	0	0	0	0	5	1	0	5	0	0	4	1	1	0	2	1	0
164	Cephaloridine	1	0	0	2	1	1	0	0	0	1	5	0	0	2	0	0	1	1	0	3	0	0	0	0	10	2	2	2	0	0	3	0	1	0	2	0	0
165	Nocardicin B	1	0	0	2	3	0	0	0	0	0	8	2	2	0	0	0	0	0	1	4	0	0	0	0	15	0	0	0	0	2	4	2	2	0	2	1	1
166	SCE-796	0	1	0	2	1	1	0	0	0	1	7	2	0	2	0	0	0	0	0	5	0	0	0	0	12	1	2	1	0	0	5	0	2	0	3	0	0
167	Cephalosporin C	3	0	0	2	2	1	0	0	0	1	0	0	0	0	0	0	0	0	0	5	0	0	0	2	6	1	1	2	2	0	5	1	2	0	2	0	1
168	Cefacetrile	1	0	0	2	1	1	0	0	0	1	0	0	0	0	0	0	0	0	0	5	0	0	0	0	5	1	0	5	0	0	4	1	1	0	2	1	0
169	Cefuroxime	0	0	1	2	1	1	0	0	0	1	2	0	0	0	0	0	1	1	1	3	1	0	0	0	10	2	0	0	0	0	4	3	1	0	3	1	0
170	Cyclacillin	5	0	0	0	2	1	2	0	0	0	0	0	0	0	0	0	0	0	0	3	0	0	0	6	2	1	0	0	10	0	3	0	1	0	2	0	1
171	Cephaloridine	1	0	0	2	1	1	0	0	0	1	5	0	0	2	0	0	1	1	0	3	0	0	0	0	10	2	2	2	0	0	3	0	1	0	2	0	0
172	Cefuroxime	0	0	1	2	1	1	0	0	0	1	2	0	0	0	0	0	1	1	1	3	1	0	0	0	10	2	0	0	0	0	4	3	1	0	3	1	0
173	Cefotaxime	0	0	1	2	1	1	0	0	0	1	0	0	0	0	1	0	1	0	1	4	0	0	1	0	8	2	0	3	0	0	4	2	1	0	2	1	0
174	Aztreonam	0	0	0	0	2	0	1	0	0	0	0	0	0	0	1	0	1	0	1	3	0	0	1	0	2	1	0	0	9	0	5	1	2	0	2	1	0
175	Ceftazidime	0	0	0	2	1	1	1	0	0	1	3	0	0	2	1	0	1	0	1	4	0	0	1	0	8	2	2	0	6	0	4	1	2	0	2	1	0
176	Moxalactam	0	1	2	2	0	1	0	1	0	1	4	1	1	0	0	0	0	0	0	4	0	0	1	0	14	1	0	1	0	0	4	0	2	0	2	0	0
177	Ceftriaxone	0	0	2	2	1	1	0	0	0	1	0	0	0	0	1	0	1	0	1	5	1	0	1	0	11	2	0	0	0	0	5	1	1	1	2	2	0
178	Cefuroxime	0	0	1	2	1	1	0	0	0	1	2	0	0	0	0	0	1	1	1	3	1	0	0	0	10	2	0	0	0	0	4	3	1	0	3	1	0
179	Cyclacillin	5	0	0	0	2	1	2	0	0	0	0	0	0	0	0	0	0	0	0	3	0	0	0	6	2	1	0	0	10	0	3	0	1	0	2	0	1
180	Ofloxacin	0	0	1	5	1	0	0	0	0	0	1	1	4	0	0	0	0	0	1	1	0	0	0	0	15	1	0	0	3	0	2	1	1	0	0	0	1
181	Ceftizoxime	0	0	1	1	1	1	0	0	1	1	0	0	0	0	1	0	1	0	1	3	0	0	1	0	7	2	0	0	0	0	3	1	1	0	2	1	0
182	SCE-796	0	1	0	2	1	1	0	0	0	1	7	2	0	2	0	0	0	0	0	5	0	0	0	0	12	1	2	1	0	0	5	0	2	0	3	0	0
183	Penicillin N	3	0	0	0	3	1	1	0	0	0	0	0	0	0	0	0	0	0	0	4	0	0	0	2	3	1	0	2	8	0	4	0	2	0	2	0	1
184	Ceftazidime	0	0	0	2	1	1	1	0	0	1	3	0	0	2	1	0	1	0	1	4	0	0	1	0	8	2	2	0	6	0	4	1	2	0	2	1	0
185	Cefazolin	0	0	0	3	1	1	0	0	0	1	0	0	0	0	0	0	0	0	0	3	0	1	1	0	7	1	1	3	0	0	3	0	1	0	2	0	0
186	Ofloxacin	0	0	1	5	1	0	0	0	0	0	1	1	4	0	0	0	0	0	1	1	0	0	0	0	15	1	0	0	3	0	2	1	1	0	0	0	1
187	Cefotaxime	0	0	1	2	1	1	0	0	0	1	0	0	0	0	1	0	1	0	1	4	0	0	1	0	8	2	0	3	0	0	4	2	1	0	2	1	0
188	Cefmetazole	0	0	2	4	0	1	0	1	0	1	0	0	0	0	0	0	0	0	0	4	0	0	1	0	14	1	0	0	0	0	3	0	1	0	2	1	0
189	Cefuroxime	0	0	1	2	1	1	0	0	0	1	2	0	0	0	0	0	1	1	1	3	1	0	0	0	10	2	0	0	0	0	4	3	1	0	3	1	0
190	Cefazolin	0	0	0	3	1	1	0	0	0	1	0	0	0	0	0	0	0	0	0	3	0	1	1	0	7	1	1	3	0	0	3	0	1	0	2	0	0
191	SCE-796	0	1	0	2	1	1	0	0	0	1	7	2	0	2	0	0	0	0	0	5	0	0	0	0	12	1	2	1	0	0	5	0	2	0	3	0	0
192	Cephalosporin C	3	0	0	2	2	1	0	0	0	1	0	0	0	0	0	0	0	0	0	5	0	0	0	2	6	1	1	2	2	0	5	1	2	0	2	0	1
193	Ceftriaxone	0	0	2	2	1	1	0	0	0	1	0	0	0	0	1	0	1	0	1	5	1	0	1	0	11	2	0	0	0	0	5	1	1	1	2	2	0
194	Nocardicin B	1	0	0	2	3	0	0	0	0	0	8	2	2	0	0	0	0	0	1	4	0	0	0	0	15	0	0	0	0	2	4	2	2	0	2	1	1
195	Ceftriaxone	0	0	2	2	1	1	0	0	0	1	0	0	0	0	1	0	1	0	1	5	1	0	1	0	11	2	0	0	0	0	5	1	1	1	2	2	0
196	Aztreonam	0	0	0	0	2	0	1	0	0	0	0	0	0	0	1	0	1	0	1	3	0	0	1	0	2	1	0	0	9	0	5	1	2	0	2	1	0
197	Imipenem	1	1	0	2	2	0	0	0	0	2	0	0	0	0	0	0	0	0	0	3	0	0	0	0	6	0	1	1	3	2	2	0	1	0	1	0	1
198	Penicillin N	3	0	0	0	3	1	1	0	0	0	0	0	0	0	0	0	0	0	0	4	0	0	0	2	3	1	0	2	8	0	4	0	2	0	2	0	1
199	Ceftriaxone	0	0	2	2	1	1	0	0	0	1	0	0	0	0	1	0	1	0	1	5	1	0	1	0	11	2	0	0	0	0	5	1	1	1	2	2	0
200	Cephaloglycin	0	0	0	2	2	1	0	0	0	1	5	1	0	0	0	0	0	0	0	4	0	0	0	0	11	1	0	3	0	0	4	1	1	0	2	0	0
201	LY097964	0	0	1	1	1	1	0	0	0	1	0	0	0	0	1	0	1	0	1	3	0	0	1	3	6	2	0	0	0	0	3	1	1	0	2	1	0
202	Cefacetrile	1	0	0	2	1	1	0	0	0	1	0	0	0	0	0	0	0	0	0	5	0	0	0	0	5	1	0	5	0	0	4	1	1	0	2	1	0
203	Ampicillin	0	0	0	0	3	1	1	0	0	0	5	1	0	0	0	0	0	0	0	3	0	0	0	0	8	1	0	0	6	0	3	0	1	0	2	0	0
204	Ceftriaxone	0	0	2	2	1	1	0	0	0	1	0	0	0	0	1	0	1	0	1	5	1	0	1	0	11	2	0	0	0	0	5	1	1	1	2	2	0
205	Cyclacillin	5	0	0	0	2	1	2	0	0	0	0	0	0	0	0	0	0	0	0	3	0	0	0	6	2	1	0	0	10	0	3	0	1	0	2	0	1
206	Cefoperazone	0	0	1	5	2	1	0	0	0	1	4	1	1	0	0	0	0	0	0	5	1	0	1	0	19	1	0	0	3	0	6	0	1	0	5	0	0
207	Cefazolin	0	0	0	3	1	1	0	0	0	1	0	0	0	0	0	0	0	0	0	3	0	1	1	0	7	1	1	3	0	0	3	0	1	0	2	0	0
208	Cefacetrile	1	0	0	2	1	1	0	0	0	1	0	0	0	0	0	0	0	0	0	5	0	0	0	0	5	1	0	5	0	0	4	1	1	0	2	1	0
209	Cephalosporin C	3	0	0	2	2	1	0	0	0	1	0	0	0	0	0	0	0	0	0	5	0	0	0	2	6	1	1	2	2	0	5	1	2	0	2	0	1
210	SCE-796	0	1	0	2	1	1	0	0	0	1	7	2	0	2	0	0	0	0	0	5	0	0	0	0	12	1	2	1	0	0	5	0	2	0	3	0	0
211	Ceftizoxime	0	0	1	1	1	1	0	0	1	1	0	0	0	0	1	0	1	0	1	3	0	0	1	0	7	2	0	0	0	0	3	1	1	0	2	1	0
212	Cefotaxime	0	0	1	2	1	1	0	0	0	1	0	0	0	0	1	0	1	0	1	4	0	0	1	0	8	2	0	3	0	0	4	2	1	0	2	1	0
213	Ofloxacin	0	0	1	5	1	0	0	0	0	0	1	1	4	0	0	0	0	0	1	1	0	0	0	0	15	1	0	0	3	0	2	1	1	0	0	0	1
214	Cefamandole	0	0	1	2	2	1	0	0	0	1	5	1	0	0	0	0	0	0	0	3	0	0	1	0	14	1	0	0	0	0	3	0	1	0	2	0	0
215	Cefazolin	0	0	0	3	1	1	0	0	0	1	0	0	0	0	0	0	0	0	0	3	0	1	1	0	7	1	1	3	0	0	3	0	1	0	2	0	0
216	Imipenem	1	1	0	2	2	0	0	0	0	2	0	0	0	0	0	0	0	0	0	3	0	0	0	0	6	0	1	1	3	2	2	0	1	0	1	0	1
217	LY097964	0	0	1	1	1	1	0	0	0	1	0	0	0	0	1	0	1	0	1	3	0	0	1	3	6	2	0	0	0	0	3	1	1	0	2	1	0
218	Aztreonam	0	0	0	0	2	0	1	0	0	0	0	0	0	0	1	0	1	0	1	3	0	0	1	0	2	1	0	0	9	0	5	1	2	0	2	1	0
219	Cephalothin	1	0	0	2	1	1	0	0	0	1	2	0	0	0	0	0	1	1	0	4	0	0	0	0	7	2	0	5	0	0	4	1	1	0	2	0	0
220	Cefazolin	0	0	0	3	1	1	0	0	0	1	0	0	0	0	0	0	0	0	0	3	0	1	1	0	7	1	1	3	0	0	3	0	1	0	2	0	0
221	Aztreonam	0	0	0	0	2	0	1	0	0	0	0	0	0	0	1	0	1	0	1	3	0	0	1	0	2	1	0	0	9	0	5	1	2	0	2	1	0
222	Cefacetrile	1	0	0	2	1	1	0	0	0	1	0	0	0	0	0	0	0	0	0	5	0	0	0	0	5	1	0	5	0	0	4	1	1	0	2	1	0
223	Ofloxacin	0	0	1	5	1	0	0	0	0	0	1	1	4	0	0	0	0	0	1	1	0	0	0	0	15	1	0	0	3	0	2	1	1	0	0	0	1
224	Cyclacillin	5	0	0	0	2	1	2	0	0	0	0	0	0	0	0	0	0	0	0	3	0	0	0	6	2	1	0	0	10	0	3	0	1	0	2	0	1
225	Cefamandole	0	0	1	2	2	1	0	0	0	1	5	1	0	0	0	0	0	0	0	3	0	0	1	0	14	1	0	0	0	0	3	0	1	0	2	0	0
226	LY097964	0	0	1	1	1	1	0	0	0	1	0	0	0	0	1	0	1	0	1	3	0	0	1	3	6	2	0	0	0	0	3	1	1	0	2	1	0
227	Sulbenicillin	0	0	0	0	3	1	1	0	0	0	5	1	0	0	0	0	0	0	0	3	0	0	0	0	8	1	0	0	6	0	5	0	2	0	2	0	0
228	Ceftizoxime	0	0	1	1	1	1	0	0	1	1	0	0	0	0	1	0	1	0	1	3	0	0	1	0	7	2	0	0	0	0	3	1	1	0	2	1	0
229	Cefoperazone	0	0	1	5	2	1	0	0	0	1	4	1	1	0	0	0	0	0	0	5	1	0	1	0	19	1	0	0	3	0	6	0	1	0	5	0	0
230	Ceftizoxime	0	0	1	1	1	1	0	0	1	1	0	0	0	0	1	0	1	0	1	3	0	0	1	0	7	2	0	0	0	0	3	1	1	0	2	1	0
231	Ceftazidime	0	0	0	2	1	1	1	0	0	1	3	0	0	2	1	0	1	0	1	4	0	0	1	0	8	2	2	0	6	0	4	1	2	0	2	1	0
232	Aztreonam	0	0	0	0	2	0	1	0	0	0	0	0	0	0	1	0	1	0	1	3	0	0	1	0	2	1	0	0	9	0	5	1	2	0	2	1	0
233	Cephalexin	0	0	0	1	2	1	0	0	0	1	5	1	0	0	0	0	0	0	0	3	0	0	0	3	9	1	0	0	0	0	3	0	1	0	2	0	0
234	Aztreonam	0	0	0	0	2	0	1	0	0	0	0	0	0	0	1	0	1	0	1	3	0	0	1	0	2	1	0	0	9	0	5	1	2	0	2	1	0
235	Cephaloridine	1	0	0	2	1	1	0	0	0	1	5	0	0	2	0	0	1	1	0	3	0	0	0	0	10	2	2	2	0	0	3	0	1	0	2	0	0
236	Cyclacillin	5	0	0	0	2	1	2	0	0	0	0	0	0	0	0	0	0	0	0	3	0	0	0	6	2	1	0	0	10	0	3	0	1	0	2	0	1
237	Ceftriaxone	0	0	2	2	1	1	0	0	0	1	0	0	0	0	1	0	1	0	1	5	1	0	1	0	11	2	0	0	0	0	5	1	1	1	2	2	0
238	Imipenem	1	1	0	2	2	0	0	0	0	2	0	0	0	0	0	0	0	0	0	3	0	0	0	0	6	0	1	1	3	2	2	0	1	0	1	0	1
239	Cephalosporin C	3	0	0	2	2	1	0	0	0	1	0	0	0	0	0	0	0	0	0	5	0	0	0	2	6	1	1	2	2	0	5	1	2	0	2	0	1
240	Ceftriaxone	0	0	2	2	1	1	0	0	0	1	0	0	0	0	1	0	1	0	1	5	1	0	1	0	11	2	0	0	0	0	5	1	1	1	2	2	0
241	Cephaloridine	1	0	0	2	1	1	0	0	0	1	5	0	0	2	0	0	1	1	0	3	0	0	0	0	10	2	2	2	0	0	3	0	1	0	2	0	0
242	Imipenem	1	1	0	2	2	0	0	0	0	2	0	0	0	0	0	0	0	0	0	3	0	0	0	0	6	0	1	1	3	2	2	0	1	0	1	0	1
243	LY097964	0	0	1	1	1	1	0	0	0	1	0	0	0	0	1	0	1	0	1	3	0	0	1	3	6	2	0	0	0	0	3	1	1	0	2	1	0
244	Cefmetazole	0	0	2	4	0	1	0	1	0	1	0	0	0	0	0	0	0	0	0	4	0	0	1	0	14	1	0	0	0	0	3	0	1	0	2	1	0
245	Aztreonam	0	0	0	0	2	0	1	0	0	0	0	0	0	0	1	0	1	0	1	3	0	0	1	0	2	1	0	0	9	0	5	1	2	0	2	1	0
246	Ceftriaxone	0	0	2	2	1	1	0	0	0	1	0	0	0	0	1	0	1	0	1	5	1	0	1	0	11	2	0	0	0	0	5	1	1	1	2	2	0
247	Cephaloglycin	0	0	0	2	2	1	0	0	0	1	5	1	0	0	0	0	0	0	0	4	0	0	0	0	11	1	0	3	0	0	4	1	1	0	2	0	0
248	Ofloxacin	0	0	1	5	1	0	0	0	0	0	1	1	4	0	0	0	0	0	1	1	0	0	0	0	15	1	0	0	3	0	2	1	1	0	0	0	1
249	SCE-796	0	1	0	2	1	1	0	0	0	1	7	2	0	2	0	0	0	0	0	5	0	0	0	0	12	1	2	1	0	0	5	0	2	0	3	0	0
250	Cefamandole	0	0	1	2	2	1	0	0	0	1	5	1	0	0	0	0	0	0	0	3	0	0	1	0	14	1	0	0	0	0	3	0	1	0	2	0	0
251	Imipenem	1	1	0	2	2	0	0	0	0	2	0	0	0	0	0	0	0	0	0	3	0	0	0	0	6	0	1	1	3	2	2	0	1	0	1	0	1
252	Ceftizoxime	0	0	1	1	1	1	0	0	1	1	0	0	0	0	1	0	1	0	1	3	0	0	1	0	7	2	0	0	0	0	3	1	1	0	2	1	0
253	Cefazolin	0	0	0	3	1	1	0	0	0	1	0	0	0	0	0	0	0	0	0	3	0	1	1	0	7	1	1	3	0	0	3	0	1	0	2	0	0
254	Aztreonam	0	0	0	0	2	0	1	0	0	0	0	0	0	0	1	0	1	0	1	3	0	0	1	0	2	1	0	0	9	0	5	1	2	0	2	1	0
255	Ceftriaxone	0	0	2	2	1	1	0	0	0	1	0	0	0	0	1	0	1	0	1	5	1	0	1	0	11	2	0	0	0	0	5	1	1	1	2	2	0
256	Ofloxacin	0	0	1	5	1	0	0	0	0	0	1	1	4	0	0	0	0	0	1	1	0	0	0	0	15	1	0	0	3	0	2	1	1	0	0	0	1
257	BL-S217	0	0	1	3	1	1	0	0	0	1	2	0	1	2	0	0	0	0	0	4	0	0	0	0	12	1	2	3	0	0	4	1	1	0	2	0	0
258	LY097964	0	0	1	1	1	1	0	0	0	1	0	0	0	0	1	0	1	0	1	3	0	0	1	3	6	2	0	0	0	0	3	1	1	0	2	1	0
259	Cefacetrile	1	0	0	2	1	1	0	0	0	1	0	0	0	0	0	0	0	0	0	5	0	0	0	0	5	1	0	5	0	0	4	1	1	0	2	1	0
260	Ceftriaxone	0	0	2	2	1	1	0	0	0	1	0	0	0	0	1	0	1	0	1	5	1	0	1	0	11	2	0	0	0	0	5	1	1	1	2	2	0
261	LY097964	0	0	1	1	1	1	0	0	0	1	0	0	0	0	1	0	1	0	1	3	0	0	1	3	6	2	0	0	0	0	3	1	1	0	2	1	0
262	Nocardicin B	1	0	0	2	3	0	0	0	0	0	8	2	2	0	0	0	0	0	1	4	0	0	0	0	15	0	0	0	0	2	4	2	2	0	2	1	1
263	Cefacetrile	1	0	0	2	1	1	0	0	0	1	0	0	0	0	0	0	0	0	0	5	0	0	0	0	5	1	0	5	0	0	4	1	1	0	2	1	0
264	Cefuroxime	0	0	1	2	1	1	0	0	0	1	2	0	0	0	0	0	1	1	1	3	1	0	0	0	10	2	0	0	0	0	4	3	1	0	3	1	0
265	Penicillin N	3	0	0	0	3	1	1	0	0	0	0	0	0	0	0	0	0	0	0	4	0	0	0	2	3	1	0	2	8	0	4	0	2	0	2	0	1
266	Penicillin N	3	0	0	0	3	1	1	0	0	0	0	0	0	0	0	0	0	0	0	4	0	0	0	2	3	1	0	2	8	0	4	0	2	0	2	0	1
267	Cefuroxime	0	0	1	2	1	1	0	0	0	1	2	0	0	0	0	0	1	1	1	3	1	0	0	0	10	2	0	0	0	0	4	3	1	0	3	1	0
268	Cephaloridine	1	0	0	2	1	1	0	0	0	1	5	0	0	2	0	0	1	1	0	3	0	0	0	0	10	2	2	2	0	0	3	0	1	0	2	0	0
269	Cefoxitin	1	0	1	2	0	1	0	1	0	1	2	0	0	0	0	0	1	1	0	3	1	0	0	0	9	2	0	2	0	0	4	1	1	0	3	0	0
270	Cefoxitin	1	0	1	2	0	1	0	1	0	1	2	0	0	0	0	0	1	1	0	3	1	0	0	0	9	2	0	2	0	0	4	1	1	0	3	0	0
271	LY097964	0	0	1	1	1	1	0	0	0	1	0	0	0	0	1	0	1	0	1	3	0	0	1	3	6	2	0	0	0	0	3	1	1	0	2	1	0
272	Nocardicin B	1	0	0	2	3	0	0	0	0	0	8	2	2	0	0	0	0	0	1	4	0	0	0	0	15	0	0	0	0	2	4	2	2	0	2	1	1
273	Ceftizoxime	0	0	1	1	1	1	0	0	1	1	0	0	0	0	1	0	1	0	1	3	0	0	1	0	7	2	0	0	0	0	3	1	1	0	2	1	0
274	Piperacillin	0	0	0	3	3	1	1	0	0	0	5	1	0	0	0	0	0	0	0	5	1	0	0	0	14	1	0	0	9	0	6	0	1	0	5	0	0
275	Aztreonam	0	0	0	0	2	0	1	0	0	0	0	0	0	0	1	0	1	0	1	3	0	0	1	0	2	1	0	0	9	0	5	1	2	0	2	1	0
276	Cefoxitin	1	0	1	2	0	1	0	1	0	1	2	0	0	0	0	0	1	1	0	3	1	0	0	0	9	2	0	2	0	0	4	1	1	0	3	0	0
277	Ceftriaxone	0	0	2	2	1	1	0	0	0	1	0	0	0	0	1	0	1	0	1	5	1	0	1	0	11	2	0	0	0	0	5	1	1	1	2	2	0
278	Cefacetrile	1	0	0	2	1	1	0	0	0	1	0	0	0	0	0	0	0	0	0	5	0	0	0	0	5	1	0	5	0	0	4	1	1	0	2	1	0
279	Cephalosporin C	3	0	0	2	2	1	0	0	0	1	0	0	0	0	0	0	0	0	0	5	0	0	0	2	6	1	1	2	2	0	5	1	2	0	2	0	1
280	Cyclacillin	5	0	0	0	2	1	2	0	0	0	0	0	0	0	0	0	0	0	0	3	0	0	0	6	2	1	0	0	10	0	3	0	1	0	2	0	1
281	Cefazolin	0	0	0	3	1	1	0	0	0	1	0	0	0	0	0	0	0	0	0	3	0	1	1	0	7	1	1	3	0	0	3	0	1	0	2	0	0
282	Cephalosporin C	3	0	0	2	2	1	0	0	0	1	0	0	0	0	0	0	0	0	0	5	0	0	0	2	6	1	1	2	2	0	5	1	2	0	2	0	1
283	Ceftazidime	0	0	0	2	1	1	1	0	0	1	3	0	0	2	1	0	1	0	1	4	0	0	1	0	8	2	2	0	6	0	4	1	2	0	2	1	0
284	LY097964	0	0	1	1	1	1	0	0	0	1	0	0	0	0	1	0	1	0	1	3	0	0	1	3	6	2	0	0	0	0	3	1	1	0	2	1	0
285	LY097964	0	0	1	1	1	1	0	0	0	1	0	0	0	0	1	0	1	0	1	3	0	0	1	3	6	2	0	0	0	0	3	1	1	0	2	1	0
286	Aztreonam	0	0	0	0	2	0	1	0	0	0	0	0	0	0	1	0	1	0	1	3	0	0	1	0	2	1	0	0	9	0	5	1	2	0	2	1	0
287	Ofloxacin	0	0	1	5	1	0	0	0	0	0	1	1	4	0	0	0	0	0	1	1	0	0	0	0	15	1	0	0	3	0	2	1	1	0	0	0	1
288	Cefacetrile	1	0	0	2	1	1	0	0	0	1	0	0	0	0	0	0	0	0	0	5	0	0	0	0	5	1	0	5	0	0	4	1	1	0	2	1	0
289	Cephaloridine	1	0	0	2	1	1	0	0	0	1	5	0	0	2	0	0	1	1	0	3	0	0	0	0	10	2	2	2	0	0	3	0	1	0	2	0	0
290	LY097964	0	0	1	1	1	1	0	0	0	1	0	0	0	0	1	0	1	0	1	3	0	0	1	3	6	2	0	0	0	0	3	1	1	0	2	1	0
291	Ceftizoxime	0	0	1	1	1	1	0	0	1	1	0	0	0	0	1	0	1	0	1	3	0	0	1	0	7	2	0	0	0	0	3	1	1	0	2	1	0
292	Aztreonam	0	0	0	0	2	0	1	0	0	0	0	0	0	0	1	0	1	0	1	3	0	0	1	0	2	1	0	0	9	0	5	1	2	0	2	1	0
293	Ceftizoxime	0	0	1	1	1	1	0	0	1	1	0	0	0	0	1	0	1	0	1	3	0	0	1	0	7	2	0	0	0	0	3	1	1	0	2	1	0
294	Ceftriaxone	0	0	2	2	1	1	0	0	0	1	0	0	0	0	1	0	1	0	1	5	1	0	1	0	11	2	0	0	0	0	5	1	1	1	2	2	0
295	Nocardicin B	1	0	0	2	3	0	0	0	0	0	8	2	2	0	0	0	0	0	1	4	0	0	0	0	15	0	0	0	0	2	4	2	2	0	2	1	1
296	Cefotaxime	0	0	1	2	1	1	0	0	0	1	0	0	0	0	1	0	1	0	1	4	0	0	1	0	8	2	0	3	0	0	4	2	1	0	2	1	0
297	Cefuroxime	0	0	1	2	1	1	0	0	0	1	2	0	0	0	0	0	1	1	1	3	1	0	0	0	10	2	0	0	0	0	4	3	1	0	3	1	0
298	Cefmetazole	0	0	2	4	0	1	0	1	0	1	0	0	0	0	0	0	0	0	0	4	0	0	1	0	14	1	0	0	0	0	3	0	1	0	2	1	0
299	Cefacetrile	1	0	0	2	1	1	0	0	0	1	0	0	0	0	0	0	0	0	0	5	0	0	0	0	5	1	0	5	0	0	4	1	1	0	2	1	0
300	Aztreonam	0	0	0	0	2	0	1	0	0	0	0	0	0	0	1	0	1	0	1	3	0	0	1	0	2	1	0	0	9	0	5	1	2	0	2	1	0
301	Ceftriaxone	0	0	2	2	1	1	0	0	0	1	0	0	0	0	1	0	1	0	1	5	1	0	1	0	11	2	0	0	0	0	5	1	1	1	2	2	0
302	Cephalexin	0	0	0	1	2	1	0	0	0	1	5	1	0	0	0	0	0	0	0	3	0	0	0	3	9	1	0	0	0	0	3	0	1	0	2	0	0
303	Carbenicillin	0	1	0	0	2	1	1	0	0	0	5	1	0	0	0	0	0	0	0	4	0	0	0	0	7	1	0	1	6	0	4	0	2	0	2	0	0
304	Ceftizoxime	0	0	1	1	1	1	0	0	1	1	0	0	0	0	1	0	1	0	1	3	0	0	1	0	7	2	0	0	0	0	3	1	1	0	2	1	0
305	Ceftriaxone	0	0	2	2	1	1	0	0	0	1	0	0	0	0	1	0	1	0	1	5	1	0	1	0	11	2	0	0	0	0	5	1	1	1	2	2	0
306	Moxalactam	0	1	2	2	0	1	0	1	0	1	4	1	1	0	0	0	0	0	0	4	0	0	1	0	14	1	0	1	0	0	4	0	2	0	2	0	0
307	Cephaloridine	1	0	0	2	1	1	0	0	0	1	5	0	0	2	0	0	1	1	0	3	0	0	0	0	10	2	2	2	0	0	3	0	1	0	2	0	0
308	Ceftizoxime	0	0	1	1	1	1	0	0	1	1	0	0	0	0	1	0	1	0	1	3	0	0	1	0	7	2	0	0	0	0	3	1	1	0	2	1	0
309	Ceftizoxime	0	0	1	1	1	1	0	0	1	1	0	0	0	0	1	0	1	0	1	3	0	0	1	0	7	2	0	0	0	0	3	1	1	0	2	1	0
310	Cephalexin	0	0	0	1	2	1	0	0	0	1	5	1	0	0	0	0	0	0	0	3	0	0	0	3	9	1	0	0	0	0	3	0	1	0	2	0	0
311	Cephalosporin C	3	0	0	2	2	1	0	0	0	1	0	0	0	0	0	0	0	0	0	5	0	0	0	2	6	1	1	2	2	0	5	1	2	0	2	0	1
312	Ampicillin	0	0	0	0	3	1	1	0	0	0	5	1	0	0	0	0	0	0	0	3	0	0	0	0	8	1	0	0	6	0	3	0	1	0	2	0	0
313	Sulbenicillin	0	0	0	0	3	1	1	0	0	0	5	1	0	0	0	0	0	0	0	3	0	0	0	0	8	1	0	0	6	0	5	0	2	0	2	0	0
314	Cefotaxime	0	0	1	2	1	1	0	0	0	1	0	0	0	0	1	0	1	0	1	4	0	0	1	0	8	2	0	3	0	0	4	2	1	0	2	1	0
315	Cephalosporin C	3	0	0	2	2	1	0	0	0	1	0	0	0	0	0	0	0	0	0	5	0	0	0	2	6	1	1	2	2	0	5	1	2	0	2	0	1
316	Ceftriaxone	0	0	2	2	1	1	0	0	0	1	0	0	0	0	1	0	1	0	1	5	1	0	1	0	11	2	0	0	0	0	5	1	1	1	2	2	0
317	LY097964	0	0	1	1	1	1	0	0	0	1	0	0	0	0	1	0	1	0	1	3	0	0	1	3	6	2	0	0	0	0	3	1	1	0	2	1	0
318	Carbenicillin	0	1	0	0	2	1	1	0	0	0	5	1	0	0	0	0	0	0	0	4	0	0	0	0	7	1	0	1	6	0	4	0	2	0	2	0	0
319	Cefazolin	0	0	0	3	1	1	0	0	0	1	0	0	0	0	0	0	0	0	0	3	0	1	1	0	7	1	1	3	0	0	3	0	1	0	2	0	0
320	Aztreonam	0	0	0	0	2	0	1	0	0	0	0	0	0	0	1	0	1	0	1	3	0	0	1	0	2	1	0	0	9	0	5	1	2	0	2	1	0
321	LY097964	0	0	1	1	1	1	0	0	0	1	0	0	0	0	1	0	1	0	1	3	0	0	1	3	6	2	0	0	0	0	3	1	1	0	2	1	0
322	Aztreonam	0	0	0	0	2	0	1	0	0	0	0	0	0	0	1	0	1	0	1	3	0	0	1	0	2	1	0	0	9	0	5	1	2	0	2	1	0
323	Nocardicin B	1	0	0	2	3	0	0	0	0	0	8	2	2	0	0	0	0	0	1	4	0	0	0	0	15	0	0	0	0	2	4	2	2	0	2	1	1
324	Cephaloglycin	0	0	0	2	2	1	0	0	0	1	5	1	0	0	0	0	0	0	0	4	0	0	0	0	11	1	0	3	0	0	4	1	1	0	2	0	0
325	Cephalexin	0	0	0	1	2	1	0	0	0	1	5	1	0	0	0	0	0	0	0	3	0	0	0	3	9	1	0	0	0	0	3	0	1	0	2	0	0
326	LY097964	0	0	1	1	1	1	0	0	0	1	0	0	0	0	1	0	1	0	1	3	0	0	1	3	6	2	0	0	0	0	3	1	1	0	2	1	0
327	Cephalexin	0	0	0	1	2	1	0	0	0	1	5	1	0	0	0	0	0	0	0	3	0	0	0	3	9	1	0	0	0	0	3	0	1	0	2	0	0
328	Moxalactam	0	1	2	2	0	1	0	1	0	1	4	1	1	0	0	0	0	0	0	4	0	0	1	0	14	1	0	1	0	0	4	0	2	0	2	0	0
329	LY097964	0	0	1	1	1	1	0	0	0	1	0	0	0	0	1	0	1	0	1	3	0	0	1	3	6	2	0	0	0	0	3	1	1	0	2	1	0
330	Cephaloglycin	0	0	0	2	2	1	0	0	0	1	5	1	0	0	0	0	0	0	0	4	0	0	0	0	11	1	0	3	0	0	4	1	1	0	2	0	0
331	BL-S217	0	0	1	3	1	1	0	0	0	1	2	0	1	2	0	0	0	0	0	4	0	0	0	0	12	1	2	3	0	0	4	1	1	0	2	0	0
332	Ceftizoxime	0	0	1	1	1	1	0	0	1	1	0	0	0	0	1	0	1	0	1	3	0	0	1	0	7	2	0	0	0	0	3	1	1	0	2	1	0
333	Moxalactam	0	1	2	2	0	1	0	1	0	1	4	1	1	0	0	0	0	0	0	4	0	0	1	0	14	1	0	1	0	0	4	0	2	0	2	0	0
334	Aztreonam	0	0	0	0	2	0	1	0	0	0	0	0	0	0	1	0	1	0	1	3	0	0	1	0	2	1	0	0	9	0	5	1	2	0	2	1	0
335	LY097964	0	0	1	1	1	1	0	0	0	1	0	0	0	0	1	0	1	0	1	3	0	0	1	3	6	2	0	0	0	0	3	1	1	0	2	1	0
336	Cephalothin	1	0	0	2	1	1	0	0	0	1	2	0	0	0	0	0	1	1	0	4	0	0	0	0	7	2	0	5	0	0	4	1	1	0	2	0	0
337	Cefoxitin	1	0	1	2	0	1	0	1	0	1	2	0	0	0	0	0	1	1	0	3	1	0	0	0	9	2	0	2	0	0	4	1	1	0	3	0	0
338	Cefacetrile	1	0	0	2	1	1	0	0	0	1	0	0	0	0	0	0	0	0	0	5	0	0	0	0	5	1	0	5	0	0	4	1	1	0	2	1	0
339	Moxalactam	0	1	2	2	0	1	0	1	0	1	4	1	1	0	0	0	0	0	0	4	0	0	1	0	14	1	0	1	0	0	4	0	2	0	2	0	0
340	Cefazolin	0	0	0	3	1	1	0	0	0	1	0	0	0	0	0	0	0	0	0	3	0	1	1	0	7	1	1	3	0	0	3	0	1	0	2	0	0
341	Ampicillin	0	0	0	0	3	1	1	0	0	0	5	1	0	0	0	0	0	0	0	3	0	0	0	0	8	1	0	0	6	0	3	0	1	0	2	0	0
342	Cefaclor	0	0	0	1	2	1	0	0	0	2	5	1	0	0	0	0	0	0	0	3	0	0	0	0	9	1	0	0	0	0	3	0	1	0	2	0	0
343	Aztreonam	0	0	0	0	2	0	1	0	0	0	0	0	0	0	1	0	1	0	1	3	0	0	1	0	2	1	0	0	9	0	5	1	2	0	2	1	0
344	Carbenicillin	0	1	0	0	2	1	1	0	0	0	5	1	0	0	0	0	0	0	0	4	0	0	0	0	7	1	0	1	6	0	4	0	2	0	2	0	0
345	Cephalosporin C	3	0	0	2	2	1	0	0	0	1	0	0	0	0	0	0	0	0	0	5	0	0	0	2	6	1	1	2	2	0	5	1	2	0	2	0	1
346	Ceftazidime	0	0	0	2	1	1	1	0	0	1	3	0	0	2	1	0	1	0	1	4	0	0	1	0	8	2	2	0	6	0	4	1	2	0	2	1	0
347	Cefamandole	0	0	1	2	2	1	0	0	0	1	5	1	0	0	0	0	0	0	0	3	0	0	1	0	14	1	0	0	0	0	3	0	1	0	2	0	0
348	Aztreonam	0	0	0	0	2	0	1	0	0	0	0	0	0	0	1	0	1	0	1	3	0	0	1	0	2	1	0	0	9	0	5	1	2	0	2	1	0
349	Ofloxacin	0	0	1	5	1	0	0	0	0	0	1	1	4	0	0	0	0	0	1	1	0	0	0	0	15	1	0	0	3	0	2	1	1	0	0	0	1
350	Cefmetazole	0	0	2	4	0	1	0	1	0	1	0	0	0	0	0	0	0	0	0	4	0	0	1	0	14	1	0	0	0	0	3	0	1	0	2	1	0
351	Penicillin N	3	0	0	0	3	1	1	0	0	0	0	0	0	0	0	0	0	0	0	4	0	0	0	2	3	1	0	2	8	0	4	0	2	0	2	0	1
352	Carbenicillin	0	1	0	0	2	1	1	0	0	0	5	1	0	0	0	0	0	0	0	4	0	0	0	0	7	1	0	1	6	0	4	0	2	0	2	0	0
353	Ceftizoxime	0	0	1	1	1	1	0	0	1	1	0	0	0	0	1	0	1	0	1	3	0	0	1	0	7	2	0	0	0	0	3	1	1	0	2	1	0
354	Cefazolin	0	0	0	3	1	1	0	0	0	1	0	0	0	0	0	0	0	0	0	3	0	1	1	0	7	1	1	3	0	0	3	0	1	0	2	0	0
355	Moxalactam	0	1	2	2	0	1	0	1	0	1	4	1	1	0	0	0	0	0	0	4	0	0	1	0	14	1	0	1	0	0	4	0	2	0	2	0	0
356	Moxalactam	0	1	2	2	0	1	0	1	0	1	4	1	1	0	0	0	0	0	0	4	0	0	1	0	14	1	0	1	0	0	4	0	2	0	2	0	0
357	Carbenicillin	0	1	0	0	2	1	1	0	0	0	5	1	0	0	0	0	0	0	0	4	0	0	0	0	7	1	0	1	6	0	4	0	2	0	2	0	0
358	Cephaloridine	1	0	0	2	1	1	0	0	0	1	5	0	0	2	0	0	1	1	0	3	0	0	0	0	10	2	2	2	0	0	3	0	1	0	2	0	0
359	Aztreonam	0	0	0	0	2	0	1	0	0	0	0	0	0	0	1	0	1	0	1	3	0	0	1	0	2	1	0	0	9	0	5	1	2	0	2	1	0
360	Ampicillin	0	0	0	0	3	1	1	0	0	0	5	1	0	0	0	0	0	0	0	3	0	0	0	0	8	1	0	0	6	0	3	0	1	0	2	0	0
361	Sulbenicillin	0	0	0	0	3	1	1	0	0	0	5	1	0	0	0	0	0	0	0	3	0	0	0	0	8	1	0	0	6	0	5	0	2	0	2	0	0
362	LY097964	0	0	1	1	1	1	0	0	0	1	0	0	0	0	1	0	1	0	1	3	0	0	1	3	6	2	0	0	0	0	3	1	1	0	2	1	0
363	Cefotaxime	0	0	1	2	1	1	0	0	0	1	0	0	0	0	1	0	1	0	1	4	0	0	1	0	8	2	0	3	0	0	4	2	1	0	2	1	0
364	Carbenicillin	0	1	0	0	2	1	1	0	0	0	5	1	0	0	0	0	0	0	0	4	0	0	0	0	7	1	0	1	6	0	4	0	2	0	2	0	0
365	Penicillin N	3	0	0	0	3	1	1	0	0	0	0	0	0	0	0	0	0	0	0	4	0	0	0	2	3	1	0	2	8	0	4	0	2	0	2	0	1
366	LY097964	0	0	1	1	1	1	0	0	0	1	0	0	0	0	1	0	1	0	1	3	0	0	1	3	6	2	0	0	0	0	3	1	1	0	2	1	0
367	Nocardicin B	1	0	0	2	3	0	0	0	0	0	8	2	2	0	0	0	0	0	1	4	0	0	0	0	15	0	0	0	0	2	4	2	2	0	2	1	1
368	Cephalosporin C	3	0	0	2	2	1	0	0	0	1	0	0	0	0	0	0	0	0	0	5	0	0	0	2	6	1	1	2	2	0	5	1	2	0	2	0	1
369	Nocardicin B	1	0	0	2	3	0	0	0	0	0	8	2	2	0	0	0	0	0	1	4	0	0	0	0	15	0	0	0	0	2	4	2	2	0	2	1	1
370	Nocardicin B	1	0	0	2	3	0	0	0	0	0	8	2	2	0	0	0	0	0	1	4	0	0	0	0	15	0	0	0	0	2	4	2	2	0	2	1	1
371	LY097964	0	0	1	1	1	1	0	0	0	1	0	0	0	0	1	0	1	0	1	3	0	0	1	3	6	2	0	0	0	0	3	1	1	0	2	1	0
372	Cefamandole	0	0	1	2	2	1	0	0	0	1	5	1	0	0	0	0	0	0	0	3	0	0	1	0	14	1	0	0	0	0	3	0	1	0	2	0	0
373	Sulbenicillin	0	0	0	0	3	1	1	0	0	0	5	1	0	0	0	0	0	0	0	3	0	0	0	0	8	1	0	0	6	0	5	0	2	0	2	0	0
374	Sulbenicillin	0	0	0	0	3	1	1	0	0	0	5	1	0	0	0	0	0	0	0	3	0	0	0	0	8	1	0	0	6	0	5	0	2	0	2	0	0
375	LY097964	0	0	1	1	1	1	0	0	0	1	0	0	0	0	1	0	1	0	1	3	0	0	1	3	6	2	0	0	0	0	3	1	1	0	2	1	0
376	Carbenicillin	0	1	0	0	2	1	1	0	0	0	5	1	0	0	0	0	0	0	0	4	0	0	0	0	7	1	0	1	6	0	4	0	2	0	2	0	0
377	Ceftazidime	0	0	0	2	1	1	1	0	0	1	3	0	0	2	1	0	1	0	1	4	0	0	1	0	8	2	2	0	6	0	4	1	2	0	2	1	0
378	Moxalactam	0	1	2	2	0	1	0	1	0	1	4	1	1	0	0	0	0	0	0	4	0	0	1	0	14	1	0	1	0	0	4	0	2	0	2	0	0
379	Cephaloglycin	0	0	0	2	2	1	0	0	0	1	5	1	0	0	0	0	0	0	0	4	0	0	0	0	11	1	0	3	0	0	4	1	1	0	2	0	0
380	Cefazolin	0	0	0	3	1	1	0	0	0	1	0	0	0	0	0	0	0	0	0	3	0	1	1	0	7	1	1	3	0	0	3	0	1	0	2	0	0
381	Penicillin N	3	0	0	0	3	1	1	0	0	0	0	0	0	0	0	0	0	0	0	4	0	0	0	2	3	1	0	2	8	0	4	0	2	0	2	0	1
382	Aztreonam	0	0	0	0	2	0	1	0	0	0	0	0	0	0	1	0	1	0	1	3	0	0	1	0	2	1	0	0	9	0	5	1	2	0	2	1	0
383	Nocardicin B	1	0	0	2	3	0	0	0	0	0	8	2	2	0	0	0	0	0	1	4	0	0	0	0	15	0	0	0	0	2	4	2	2	0	2	1	1
384	Ceftriaxone	0	0	2	2	1	1	0	0	0	1	0	0	0	0	1	0	1	0	1	5	1	0	1	0	11	2	0	0	0	0	5	1	1	1	2	2	0
385	Cephaloridine	1	0	0	2	1	1	0	0	0	1	5	0	0	2	0	0	1	1	0	3	0	0	0	0	10	2	2	2	0	0	3	0	1	0	2	0	0
386	Cefotaxime	0	0	1	2	1	1	0	0	0	1	0	0	0	0	1	0	1	0	1	4	0	0	1	0	8	2	0	3	0	0	4	2	1	0	2	1	0
387	Cefmetazole	0	0	2	4	0	1	0	1	0	1	0	0	0	0	0	0	0	0	0	4	0	0	1	0	14	1	0	0	0	0	3	0	1	0	2	1	0
388	Aztreonam	0	0	0	0	2	0	1	0	0	0	0	0	0	0	1	0	1	0	1	3	0	0	1	0	2	1	0	0	9	0	5	1	2	0	2	1	0
389	Piperacillin	0	0	0	3	3	1	1	0	0	0	5	1	0	0	0	0	0	0	0	5	1	0	0	0	14	1	0	0	9	0	6	0	1	0	5	0	0
390	Aztreonam	0	0	0	0	2	0	1	0	0	0	0	0	0	0	1	0	1	0	1	3	0	0	1	0	2	1	0	0	9	0	5	1	2	0	2	1	0
391	Cefotaxime	0	0	1	2	1	1	0	0	0	1	0	0	0	0	1	0	1	0	1	4	0	0	1	0	8	2	0	3	0	0	4	2	1	0	2	1	0
392	Moxalactam	0	1	2	2	0	1	0	1	0	1	4	1	1	0	0	0	0	0	0	4	0	0	1	0	14	1	0	1	0	0	4	0	2	0	2	0	0
393	Sulbenicillin	0	0	0	0	3	1	1	0	0	0	5	1	0	0	0	0	0	0	0	3	0	0	0	0	8	1	0	0	6	0	5	0	2	0	2	0	0
394	Ampicillin	0	0	0	0	3	1	1	0	0	0	5	1	0	0	0	0	0	0	0	3	0	0	0	0	8	1	0	0	6	0	3	0	1	0	2	0	0
395	Ceftazidime	0	0	0	2	1	1	1	0	0	1	3	0	0	2	1	0	1	0	1	4	0	0	1	0	8	2	2	0	6	0	4	1	2	0	2	1	0
396	Cefazolin	0	0	0	3	1	1	0	0	0	1	0	0	0	0	0	0	0	0	0	3	0	1	1	0	7	1	1	3	0	0	3	0	1	0	2	0	0
397	LY097964	0	0	1	1	1	1	0	0	0	1	0	0	0	0	1	0	1	0	1	3	0	0	1	3	6	2	0	0	0	0	3	1	1	0	2	1	0
398	Aztreonam	0	0	0	0	2	0	1	0	0	0	0	0	0	0	1	0	1	0	1	3	0	0	1	0	2	1	0	0	9	0	5	1	2	0	2	1	0
399	Nocardicin B	1	0	0	2	3	0	0	0	0	0	8	2	2	0	0	0	0	0	1	4	0	0	0	0	15	0	0	0	0	2	4	2	2	0	2	1	1
400	Cefacetrile	1	0	0	2	1	1	0	0	0	1	0	0	0	0	0	0	0	0	0	5	0	0	0	0	5	1	0	5	0	0	4	1	1	0	2	1	0
401	Ceftizoxime	0	0	1	1	1	1	0	0	1	1	0	0	0	0	1	0	1	0	1	3	0	0	1	0	7	2	0	0	0	0	3	1	1	0	2	1	0
402	Cefotaxime	0	0	1	2	1	1	0	0	0	1	0	0	0	0	1	0	1	0	1	4	0	0	1	0	8	2	0	3	0	0	4	2	1	0	2	1	0
403	Cefmetazole	0	0	2	4	0	1	0	1	0	1	0	0	0	0	0	0	0	0	0	4	0	0	1	0	14	1	0	0	0	0	3	0	1	0	2	1	0
404	BL-S217	0	0	1	3	1	1	0	0	0	1	2	0	1	2	0	0	0	0	0	4	0	0	0	0	12	1	2	3	0	0	4	1	1	0	2	0	0
405	Ceftriaxone	0	0	2	2	1	1	0	0	0	1	0	0	0	0	1	0	1	0	1	5	1	0	1	0	11	2	0	0	0	0	5	1	1	1	2	2	0
406	Ceftriaxone	0	0	2	2	1	1	0	0	0	1	0	0	0	0	1	0	1	0	1	5	1	0	1	0	11	2	0	0	0	0	5	1	1	1	2	2	0
407	Cefaclor	0	0	0	1	2	1	0	0	0	2	5	1	0	0	0	0	0	0	0	3	0	0	0	0	9	1	0	0	0	0	3	0	1	0	2	0	0
408	Cefotaxime	0	0	1	2	1	1	0	0	0	1	0	0	0	0	1	0	1	0	1	4	0	0	1	0	8	2	0	3	0	0	4	2	1	0	2	1	0
409	Piperacillin	0	0	0	3	3	1	1	0	0	0	5	1	0	0	0	0	0	0	0	5	1	0	0	0	14	1	0	0	9	0	6	0	1	0	5	0	0
410	Carbenicillin	0	1	0	0	2	1	1	0	0	0	5	1	0	0	0	0	0	0	0	4	0	0	0	0	7	1	0	1	6	0	4	0	2	0	2	0	0
411	Penicillin N	3	0	0	0	3	1	1	0	0	0	0	0	0	0	0	0	0	0	0	4	0	0	0	2	3	1	0	2	8	0	4	0	2	0	2	0	1
412	Moxalactam	0	1	2	2	0	1	0	1	0	1	4	1	1	0	0	0	0	0	0	4	0	0	1	0	14	1	0	1	0	0	4	0	2	0	2	0	0
413	Ceftizoxime	0	0	1	1	1	1	0	0	1	1	0	0	0	0	1	0	1	0	1	3	0	0	1	0	7	2	0	0	0	0	3	1	1	0	2	1	0
414	Penicillin N	3	0	0	0	3	1	1	0	0	0	0	0	0	0	0	0	0	0	0	4	0	0	0	2	3	1	0	2	8	0	4	0	2	0	2	0	1
415	Carbenicillin	0	1	0	0	2	1	1	0	0	0	5	1	0	0	0	0	0	0	0	4	0	0	0	0	7	1	0	1	6	0	4	0	2	0	2	0	0
416	Cefoxitin	1	0	1	2	0	1	0	1	0	1	2	0	0	0	0	0	1	1	0	3	1	0	0	0	9	2	0	2	0	0	4	1	1	0	3	0	0
417	Cefazolin	0	0	0	3	1	1	0	0	0	1	0	0	0	0	0	0	0	0	0	3	0	1	1	0	7	1	1	3	0	0	3	0	1	0	2	0	0
418	Cephalothin	1	0	0	2	1	1	0	0	0	1	2	0	0	0	0	0	1	1	0	4	0	0	0	0	7	2	0	5	0	0	4	1	1	0	2	0	0
419	Penicillin N	3	0	0	0	3	1	1	0	0	0	0	0	0	0	0	0	0	0	0	4	0	0	0	2	3	1	0	2	8	0	4	0	2	0	2	0	1
420	Cefoxitin	1	0	1	2	0	1	0	1	0	1	2	0	0	0	0	0	1	1	0	3	1	0	0	0	9	2	0	2	0	0	4	1	1	0	3	0	0
421	Ceftizoxime	0	0	1	1	1	1	0	0	1	1	0	0	0	0	1	0	1	0	1	3	0	0	1	0	7	2	0	0	0	0	3	1	1	0	2	1	0
422	LY097964	0	0	1	1	1	1	0	0	0	1	0	0	0	0	1	0	1	0	1	3	0	0	1	3	6	2	0	0	0	0	3	1	1	0	2	1	0
423	Cefamandole	0	0	1	2	2	1	0	0	0	1	5	1	0	0	0	0	0	0	0	3	0	0	1	0	14	1	0	0	0	0	3	0	1	0	2	0	0
424	Cefaclor	0	0	0	1	2	1	0	0	0	2	5	1	0	0	0	0	0	0	0	3	0	0	0	0	9	1	0	0	0	0	3	0	1	0	2	0	0
425	Cefamandole	0	0	1	2	2	1	0	0	0	1	5	1	0	0	0	0	0	0	0	3	0	0	1	0	14	1	0	0	0	0	3	0	1	0	2	0	0
426	Penicillin N	3	0	0	0	3	1	1	0	0	0	0	0	0	0	0	0	0	0	0	4	0	0	0	2	3	1	0	2	8	0	4	0	2	0	2	0	1
427	Cefotaxime	0	0	1	2	1	1	0	0	0	1	0	0	0	0	1	0	1	0	1	4	0	0	1	0	8	2	0	3	0	0	4	2	1	0	2	1	0
428	Cefoxitin	1	0	1	2	0	1	0	1	0	1	2	0	0	0	0	0	1	1	0	3	1	0	0	0	9	2	0	2	0	0	4	1	1	0	3	0	0
429	Cephalothin	1	0	0	2	1	1	0	0	0	1	2	0	0	0	0	0	1	1	0	4	0	0	0	0	7	2	0	5	0	0	4	1	1	0	2	0	0
430	Cefuroxime	0	0	1	2	1	1	0	0	0	1	2	0	0	0	0	0	1	1	1	3	1	0	0	0	10	2	0	0	0	0	4	3	1	0	3	1	0
431	Nocardicin B	1	0	0	2	3	0	0	0	0	0	8	2	2	0	0	0	0	0	1	4	0	0	0	0	15	0	0	0	0	2	4	2	2	0	2	1	1
432	Cephaloglycin	0	0	0	2	2	1	0	0	0	1	5	1	0	0	0	0	0	0	0	4	0	0	0	0	11	1	0	3	0	0	4	1	1	0	2	0	0
433	Ofloxacin	0	0	1	5	1	0	0	0	0	0	1	1	4	0	0	0	0	0	1	1	0	0	0	0	15	1	0	0	3	0	2	1	1	0	0	0	1
434	Ceftizoxime	0	0	1	1	1	1	0	0	1	1	0	0	0	0	1	0	1	0	1	3	0	0	1	0	7	2	0	0	0	0	3	1	1	0	2	1	0
435	Ceftizoxime	0	0	1	1	1	1	0	0	1	1	0	0	0	0	1	0	1	0	1	3	0	0	1	0	7	2	0	0	0	0	3	1	1	0	2	1	0
436	Cephalexin	0	0	0	1	2	1	0	0	0	1	5	1	0	0	0	0	0	0	0	3	0	0	0	3	9	1	0	0	0	0	3	0	1	0	2	0	0
437	Cephalexin	0	0	0	1	2	1	0	0	0	1	5	1	0	0	0	0	0	0	0	3	0	0	0	3	9	1	0	0	0	0	3	0	1	0	2	0	0
438	Sulbenicillin	0	0	0	0	3	1	1	0	0	0	5	1	0	0	0	0	0	0	0	3	0	0	0	0	8	1	0	0	6	0	5	0	2	0	2	0	0
439	Piperacillin	0	0	0	3	3	1	1	0	0	0	5	1	0	0	0	0	0	0	0	5	1	0	0	0	14	1	0	0	9	0	6	0	1	0	5	0	0
440	Cephaloglycin	0	0	0	2	2	1	0	0	0	1	5	1	0	0	0	0	0	0	0	4	0	0	0	0	11	1	0	3	0	0	4	1	1	0	2	0	0
441	Cephalexin	0	0	0	1	2	1	0	0	0	1	5	1	0	0	0	0	0	0	0	3	0	0	0	3	9	1	0	0	0	0	3	0	1	0	2	0	0
442	Cephaloridine	1	0	0	2	1	1	0	0	0	1	5	0	0	2	0	0	1	1	0	3	0	0	0	0	10	2	2	2	0	0	3	0	1	0	2	0	0
443	Ampicillin	0	0	0	0	3	1	1	0	0	0	5	1	0	0	0	0	0	0	0	3	0	0	0	0	8	1	0	0	6	0	3	0	1	0	2	0	0
444	Cefotaxime	0	0	1	2	1	1	0	0	0	1	0	0	0	0	1	0	1	0	1	4	0	0	1	0	8	2	0	3	0	0	4	2	1	0	2	1	0
445	Cefoxitin	1	0	1	2	0	1	0	1	0	1	2	0	0	0	0	0	1	1	0	3	1	0	0	0	9	2	0	2	0	0	4	1	1	0	3	0	0
446	Cefotaxime	0	0	1	2	1	1	0	0	0	1	0	0	0	0	1	0	1	0	1	4	0	0	1	0	8	2	0	3	0	0	4	2	1	0	2	1	0
447	Cefotaxime	0	0	1	2	1	1	0	0	0	1	0	0	0	0	1	0	1	0	1	4	0	0	1	0	8	2	0	3	0	0	4	2	1	0	2	1	0
448	Cefmetazole	0	0	2	4	0	1	0	1	0	1	0	0	0	0	0	0	0	0	0	4	0	0	1	0	14	1	0	0	0	0	3	0	1	0	2	1	0
449	Carbenicillin	0	1	0	0	2	1	1	0	0	0	5	1	0	0	0	0	0	0	0	4	0	0	0	0	7	1	0	1	6	0	4	0	2	0	2	0	0
450	Piperacillin	0	0	0	3	3	1	1	0	0	0	5	1	0	0	0	0	0	0	0	5	1	0	0	0	14	1	0	0	9	0	6	0	1	0	5	0	0
451	Cefotaxime	0	0	1	2	1	1	0	0	0	1	0	0	0	0	1	0	1	0	1	4	0	0	1	0	8	2	0	3	0	0	4	2	1	0	2	1	0
452	Sulbenicillin	0	0	0	0	3	1	1	0	0	0	5	1	0	0	0	0	0	0	0	3	0	0	0	0	8	1	0	0	6	0	5	0	2	0	2	0	0
453	Nalidixic acid	0	0	0	1	0	0	0	0	0	0	2	1	0	0	1	1	0	0	1	1	0	0	0	0	4	1	0	3	3	0	2	0	1	0	0	0	0
454	Ampicillin	0	0	0	0	3	1	1	0	0	0	5	1	0	0	0	0	0	0	0	3	0	0	0	0	8	1	0	0	6	0	3	0	1	0	2	0	0
455	Nalidixic acid	0	0	0	1	0	0	0	0	0	0	2	1	0	0	1	1	0	0	1	1	0	0	0	0	4	1	0	3	3	0	2	0	1	0	0	0	0
456	Penicillin N	3	0	0	0	3	1	1	0	0	0	0	0	0	0	0	0	0	0	0	4	0	0	0	2	3	1	0	2	8	0	4	0	2	0	2	0	1
457	Cephaloglycin	0	0	0	2	2	1	0	0	0	1	5	1	0	0	0	0	0	0	0	4	0	0	0	0	11	1	0	3	0	0	4	1	1	0	2	0	0
458	Cefotaxime	0	0	1	2	1	1	0	0	0	1	0	0	0	0	1	0	1	0	1	4	0	0	1	0	8	2	0	3	0	0	4	2	1	0	2	1	0
459	Ceftriaxone	0	0	2	2	1	1	0	0	0	1	0	0	0	0	1	0	1	0	1	5	1	0	1	0	11	2	0	0	0	0	5	1	1	1	2	2	0
460	Nalidixic acid	0	0	0	1	0	0	0	0	0	0	2	1	0	0	1	1	0	0	1	1	0	0	0	0	4	1	0	3	3	0	2	0	1	0	0	0	0
461	Carbenicillin	0	1	0	0	2	1	1	0	0	0	5	1	0	0	0	0	0	0	0	4	0	0	0	0	7	1	0	1	6	0	4	0	2	0	2	0	0
462	Cephalothin	1	0	0	2	1	1	0	0	0	1	2	0	0	0	0	0	1	1	0	4	0	0	0	0	7	2	0	5	0	0	4	1	1	0	2	0	0
463	Piperacillin	0	0	0	3	3	1	1	0	0	0	5	1	0	0	0	0	0	0	0	5	1	0	0	0	14	1	0	0	9	0	6	0	1	0	5	0	0
464	Penicillin N	3	0	0	0	3	1	1	0	0	0	0	0	0	0	0	0	0	0	0	4	0	0	0	2	3	1	0	2	8	0	4	0	2	0	2	0	1
465	Cefoxitin	1	0	1	2	0	1	0	1	0	1	2	0	0	0	0	0	1	1	0	3	1	0	0	0	9	2	0	2	0	0	4	1	1	0	3	0	0
466	Cefamandole	0	0	1	2	2	1	0	0	0	1	5	1	0	0	0	0	0	0	0	3	0	0	1	0	14	1	0	0	0	0	3	0	1	0	2	0	0
467	Carbenicillin	0	1	0	0	2	1	1	0	0	0	5	1	0	0	0	0	0	0	0	4	0	0	0	0	7	1	0	1	6	0	4	0	2	0	2	0	0
468	Sulbenicillin	0	0	0	0	3	1	1	0	0	0	5	1	0	0	0	0	0	0	0	3	0	0	0	0	8	1	0	0	6	0	5	0	2	0	2	0	0
469	Ceftriaxone	0	0	2	2	1	1	0	0	0	1	0	0	0	0	1	0	1	0	1	5	1	0	1	0	11	2	0	0	0	0	5	1	1	1	2	2	0
470	Cefotaxime	0	0	1	2	1	1	0	0	0	1	0	0	0	0	1	0	1	0	1	4	0	0	1	0	8	2	0	3	0	0	4	2	1	0	2	1	0
471	Penicillin N	3	0	0	0	3	1	1	0	0	0	0	0	0	0	0	0	0	0	0	4	0	0	0	2	3	1	0	2	8	0	4	0	2	0	2	0	1
472	Nocardicin B	1	0	0	2	3	0	0	0	0	0	8	2	2	0	0	0	0	0	1	4	0	0	0	0	15	0	0	0	0	2	4	2	2	0	2	1	1
473	Cefotaxime	0	0	1	2	1	1	0	0	0	1	0	0	0	0	1	0	1	0	1	4	0	0	1	0	8	2	0	3	0	0	4	2	1	0	2	1	0
474	Ampicillin	0	0	0	0	3	1	1	0	0	0	5	1	0	0	0	0	0	0	0	3	0	0	0	0	8	1	0	0	6	0	3	0	1	0	2	0	0
475	Cefotaxime	0	0	1	2	1	1	0	0	0	1	0	0	0	0	1	0	1	0	1	4	0	0	1	0	8	2	0	3	0	0	4	2	1	0	2	1	0
476	Cephalothin	1	0	0	2	1	1	0	0	0	1	2	0	0	0	0	0	1	1	0	4	0	0	0	0	7	2	0	5	0	0	4	1	1	0	2	0	0
477	LY097964	0	0	1	1	1	1	0	0	0	1	0	0	0	0	1	0	1	0	1	3	0	0	1	3	6	2	0	0	0	0	3	1	1	0	2	1	0
478	Cephalexin	0	0	0	1	2	1	0	0	0	1	5	1	0	0	0	0	0	0	0	3	0	0	0	3	9	1	0	0	0	0	3	0	1	0	2	0	0
479	Ceftriaxone	0	0	2	2	1	1	0	0	0	1	0	0	0	0	1	0	1	0	1	5	1	0	1	0	11	2	0	0	0	0	5	1	1	1	2	2	0
480	Sulbenicillin	0	0	0	0	3	1	1	0	0	0	5	1	0	0	0	0	0	0	0	3	0	0	0	0	8	1	0	0	6	0	5	0	2	0	2	0	0
481	Moxalactam	0	1	2	2	0	1	0	1	0	1	4	1	1	0	0	0	0	0	0	4	0	0	1	0	14	1	0	1	0	0	4	0	2	0	2	0	0
482	Nalidixic acid	0	0	0	1	0	0	0	0	0	0	2	1	0	0	1	1	0	0	1	1	0	0	0	0	4	1	0	3	3	0	2	0	1	0	0	0	0
483	Cephalothin	1	0	0	2	1	1	0	0	0	1	2	0	0	0	0	0	1	1	0	4	0	0	0	0	7	2	0	5	0	0	4	1	1	0	2	0	0
484	Cephalothin	1	0	0	2	1	1	0	0	0	1	2	0	0	0	0	0	1	1	0	4	0	0	0	0	7	2	0	5	0	0	4	1	1	0	2	0	0
485	Cefamandole	0	0	1	2	2	1	0	0	0	1	5	1	0	0	0	0	0	0	0	3	0	0	1	0	14	1	0	0	0	0	3	0	1	0	2	0	0
486	Cefotaxime	0	0	1	2	1	1	0	0	0	1	0	0	0	0	1	0	1	0	1	4	0	0	1	0	8	2	0	3	0	0	4	2	1	0	2	1	0
487	Cefmetazole	0	0	2	4	0	1	0	1	0	1	0	0	0	0	0	0	0	0	0	4	0	0	1	0	14	1	0	0	0	0	3	0	1	0	2	1	0
488	Cefmetazole	0	0	2	4	0	1	0	1	0	1	0	0	0	0	0	0	0	0	0	4	0	0	1	0	14	1	0	0	0	0	3	0	1	0	2	1	0
489	Ampicillin	0	0	0	0	3	1	1	0	0	0	5	1	0	0	0	0	0	0	0	3	0	0	0	0	8	1	0	0	6	0	3	0	1	0	2	0	0
490	Nalidixic acid	0	0	0	1	0	0	0	0	0	0	2	1	0	0	1	1	0	0	1	1	0	0	0	0	4	1	0	3	3	0	2	0	1	0	0	0	0
491	Cefotaxime	0	0	1	2	1	1	0	0	0	1	0	0	0	0	1	0	1	0	1	4	0	0	1	0	8	2	0	3	0	0	4	2	1	0	2	1	0
492	Ceftizoxime	0	0	1	1	1	1	0	0	1	1	0	0	0	0	1	0	1	0	1	3	0	0	1	0	7	2	0	0	0	0	3	1	1	0	2	1	0
493	Nalidixic acid	0	0	0	1	0	0	0	0	0	0	2	1	0	0	1	1	0	0	1	1	0	0	0	0	4	1	0	3	3	0	2	0	1	0	0	0	0
494	Cefmetazole	0	0	2	4	0	1	0	1	0	1	0	0	0	0	0	0	0	0	0	4	0	0	1	0	14	1	0	0	0	0	3	0	1	0	2	1	0
495	Cefaclor	0	0	0	1	2	1	0	0	0	2	5	1	0	0	0	0	0	0	0	3	0	0	0	0	9	1	0	0	0	0	3	0	1	0	2	0	0
496	Ampicillin	0	0	0	0	3	1	1	0	0	0	5	1	0	0	0	0	0	0	0	3	0	0	0	0	8	1	0	0	6	0	3	0	1	0	2	0	0
497	Piperacillin	0	0	0	3	3	1	1	0	0	0	5	1	0	0	0	0	0	0	0	5	1	0	0	0	14	1	0	0	9	0	6	0	1	0	5	0	0
498	Nocardicin B	1	0	0	2	3	0	0	0	0	0	8	2	2	0	0	0	0	0	1	4	0	0	0	0	15	0	0	0	0	2	4	2	2	0	2	1	1
499	Nalidixic acid	0	0	0	1	0	0	0	0	0	0	2	1	0	0	1	1	0	0	1	1	0	0	0	0	4	1	0	3	3	0	2	0	1	0	0	0	0
500	Nocardicin B	1	0	0	2	3	0	0	0	0	0	8	2	2	0	0	0	0	0	1	4	0	0	0	0	15	0	0	0	0	2	4	2	2	0	2	1	1
501	Nalidixic acid	0	0	0	1	0	0	0	0	0	0	2	1	0	0	1	1	0	0	1	1	0	0	0	0	4	1	0	3	3	0	2	0	1	0	0	0	0
502	Piperacillin	0	0	0	3	3	1	1	0	0	0	5	1	0	0	0	0	0	0	0	5	1	0	0	0	14	1	0	0	9	0	6	0	1	0	5	0	0
503	LY097964	0	0	1	1	1	1	0	0	0	1	0	0	0	0	1	0	1	0	1	3	0	0	1	3	6	2	0	0	0	0	3	1	1	0	2	1	0
504	LY097964	0	0	1	1	1	1	0	0	0	1	0	0	0	0	1	0	1	0	1	3	0	0	1	3	6	2	0	0	0	0	3	1	1	0	2	1	0
505	Cefotaxime	0	0	1	2	1	1	0	0	0	1	0	0	0	0	1	0	1	0	1	4	0	0	1	0	8	2	0	3	0	0	4	2	1	0	2	1	0
506	Cefuroxime	0	0	1	2	1	1	0	0	0	1	2	0	0	0	0	0	1	1	1	3	1	0	0	0	10	2	0	0	0	0	4	3	1	0	3	1	0
507	Nalidixic acid	0	0	0	1	0	0	0	0	0	0	2	1	0	0	1	1	0	0	1	1	0	0	0	0	4	1	0	3	3	0	2	0	1	0	0	0	0
508	Cephalothin	1	0	0	2	1	1	0	0	0	1	2	0	0	0	0	0	1	1	0	4	0	0	0	0	7	2	0	5	0	0	4	1	1	0	2	0	0
509	Ceftazidime	0	0	0	2	1	1	1	0	0	1	3	0	0	2	1	0	1	0	1	4	0	0	1	0	8	2	2	0	6	0	4	1	2	0	2	1	0
510	Cefaclor	0	0	0	1	2	1	0	0	0	2	5	1	0	0	0	0	0	0	0	3	0	0	0	0	9	1	0	0	0	0	3	0	1	0	2	0	0
511	Piperacillin	0	0	0	3	3	1	1	0	0	0	5	1	0	0	0	0	0	0	0	5	1	0	0	0	14	1	0	0	9	0	6	0	1	0	5	0	0
512	Cefotaxime	0	0	1	2	1	1	0	0	0	1	0	0	0	0	1	0	1	0	1	4	0	0	1	0	8	2	0	3	0	0	4	2	1	0	2	1	0
513	Cephalothin	1	0	0	2	1	1	0	0	0	1	2	0	0	0	0	0	1	1	0	4	0	0	0	0	7	2	0	5	0	0	4	1	1	0	2	0	0
514	Cefoxitin	1	0	1	2	0	1	0	1	0	1	2	0	0	0	0	0	1	1	0	3	1	0	0	0	9	2	0	2	0	0	4	1	1	0	3	0	0
515	Ceftazidime	0	0	0	2	1	1	1	0	0	1	3	0	0	2	1	0	1	0	1	4	0	0	1	0	8	2	2	0	6	0	4	1	2	0	2	1	0
516	Piperacillin	0	0	0	3	3	1	1	0	0	0	5	1	0	0	0	0	0	0	0	5	1	0	0	0	14	1	0	0	9	0	6	0	1	0	5	0	0
517	Cefmetazole	0	0	2	4	0	1	0	1	0	1	0	0	0	0	0	0	0	0	0	4	0	0	1	0	14	1	0	0	0	0	3	0	1	0	2	1	0
518	Aztreonam	0	0	0	0	2	0	1	0	0	0	0	0	0	0	1	0	1	0	1	3	0	0	1	0	2	1	0	0	9	0	5	1	2	0	2	1	0
519	Cefamandole	0	0	1	2	2	1	0	0	0	1	5	1	0	0	0	0	0	0	0	3	0	0	1	0	14	1	0	0	0	0	3	0	1	0	2	0	0
520	Nalidixic acid	0	0	0	1	0	0	0	0	0	0	2	1	0	0	1	1	0	0	1	1	0	0	0	0	4	1	0	3	3	0	2	0	1	0	0	0	0
521	Cefoxitin	1	0	1	2	0	1	0	1	0	1	2	0	0	0	0	0	1	1	0	3	1	0	0	0	9	2	0	2	0	0	4	1	1	0	3	0	0
522	Ceftriaxone	0	0	2	2	1	1	0	0	0	1	0	0	0	0	1	0	1	0	1	5	1	0	1	0	11	2	0	0	0	0	5	1	1	1	2	2	0
523	Nalidixic acid	0	0	0	1	0	0	0	0	0	0	2	1	0	0	1	1	0	0	1	1	0	0	0	0	4	1	0	3	3	0	2	0	1	0	0	0	0
524	Nalidixic acid	0	0	0	1	0	0	0	0	0	0	2	1	0	0	1	1	0	0	1	1	0	0	0	0	4	1	0	3	3	0	2	0	1	0	0	0	0
525	Cefamandole	0	0	1	2	2	1	0	0	0	1	5	1	0	0	0	0	0	0	0	3	0	0	1	0	14	1	0	0	0	0	3	0	1	0	2	0	0
526	Sulbenicillin	0	0	0	0	3	1	1	0	0	0	5	1	0	0	0	0	0	0	0	3	0	0	0	0	8	1	0	0	6	0	5	0	2	0	2	0	0
527	BL-S217	0	0	1	3	1	1	0	0	0	1	2	0	1	2	0	0	0	0	0	4	0	0	0	0	12	1	2	3	0	0	4	1	1	0	2	0	0
528	Cefotaxime	0	0	1	2	1	1	0	0	0	1	0	0	0	0	1	0	1	0	1	4	0	0	1	0	8	2	0	3	0	0	4	2	1	0	2	1	0
529	Cefaclor	0	0	0	1	2	1	0	0	0	2	5	1	0	0	0	0	0	0	0	3	0	0	0	0	9	1	0	0	0	0	3	0	1	0	2	0	0
530	Cefotaxime	0	0	1	2	1	1	0	0	0	1	0	0	0	0	1	0	1	0	1	4	0	0	1	0	8	2	0	3	0	0	4	2	1	0	2	1	0
531	Nocardicin B	1	0	0	2	3	0	0	0	0	0	8	2	2	0	0	0	0	0	1	4	0	0	0	0	15	0	0	0	0	2	4	2	2	0	2	1	1
532	Piperacillin	0	0	0	3	3	1	1	0	0	0	5	1	0	0	0	0	0	0	0	5	1	0	0	0	14	1	0	0	9	0	6	0	1	0	5	0	0
533	Cefmetazole	0	0	2	4	0	1	0	1	0	1	0	0	0	0	0	0	0	0	0	4	0	0	1	0	14	1	0	0	0	0	3	0	1	0	2	1	0
534	Ceftriaxone	0	0	2	2	1	1	0	0	0	1	0	0	0	0	1	0	1	0	1	5	1	0	1	0	11	2	0	0	0	0	5	1	1	1	2	2	0
535	Sulbenicillin	0	0	0	0	3	1	1	0	0	0	5	1	0	0	0	0	0	0	0	3	0	0	0	0	8	1	0	0	6	0	5	0	2	0	2	0	0
536	Cefuroxime	0	0	1	2	1	1	0	0	0	1	2	0	0	0	0	0	1	1	1	3	1	0	0	0	10	2	0	0	0	0	4	3	1	0	3	1	0
537	Ceftizoxime	0	0	1	1	1	1	0	0	1	1	0	0	0	0	1	0	1	0	1	3	0	0	1	0	7	2	0	0	0	0	3	1	1	0	2	1	0
538	Ceftizoxime	0	0	1	1	1	1	0	0	1	1	0	0	0	0	1	0	1	0	1	3	0	0	1	0	7	2	0	0	0	0	3	1	1	0	2	1	0
539	LY097964	0	0	1	1	1	1	0	0	0	1	0	0	0	0	1	0	1	0	1	3	0	0	1	3	6	2	0	0	0	0	3	1	1	0	2	1	0
540	Piperacillin	0	0	0	3	3	1	1	0	0	0	5	1	0	0	0	0	0	0	0	5	1	0	0	0	14	1	0	0	9	0	6	0	1	0	5	0	0
541	BL-S217	0	0	1	3	1	1	0	0	0	1	2	0	1	2	0	0	0	0	0	4	0	0	0	0	12	1	2	3	0	0	4	1	1	0	2	0	0
542	Cephalothin	1	0	0	2	1	1	0	0	0	1	2	0	0	0	0	0	1	1	0	4	0	0	0	0	7	2	0	5	0	0	4	1	1	0	2	0	0
543	Piperacillin	0	0	0	3	3	1	1	0	0	0	5	1	0	0	0	0	0	0	0	5	1	0	0	0	14	1	0	0	9	0	6	0	1	0	5	0	0
544	Cefaclor	0	0	0	1	2	1	0	0	0	2	5	1	0	0	0	0	0	0	0	3	0	0	0	0	9	1	0	0	0	0	3	0	1	0	2	0	0
545	Nalidixic acid	0	0	0	1	0	0	0	0	0	0	2	1	0	0	1	1	0	0	1	1	0	0	0	0	4	1	0	3	3	0	2	0	1	0	0	0	0
546	BL-S217	0	0	1	3	1	1	0	0	0	1	2	0	1	2	0	0	0	0	0	4	0	0	0	0	12	1	2	3	0	0	4	1	1	0	2	0	0
547	Cefuroxime	0	0	1	2	1	1	0	0	0	1	2	0	0	0	0	0	1	1	1	3	1	0	0	0	10	2	0	0	0	0	4	3	1	0	3	1	0
548	Nalidixic acid	0	0	0	1	0	0	0	0	0	0	2	1	0	0	1	1	0	0	1	1	0	0	0	0	4	1	0	3	3	0	2	0	1	0	0	0	0
549	Piperacillin	0	0	0	3	3	1	1	0	0	0	5	1	0	0	0	0	0	0	0	5	1	0	0	0	14	1	0	0	9	0	6	0	1	0	5	0	0
550	Cephaloglycin	0	0	0	2	2	1	0	0	0	1	5	1	0	0	0	0	0	0	0	4	0	0	0	0	11	1	0	3	0	0	4	1	1	0	2	0	0
551	Nocardicin B	1	0	0	2	3	0	0	0	0	0	8	2	2	0	0	0	0	0	1	4	0	0	0	0	15	0	0	0	0	2	4	2	2	0	2	1	1
552	Nalidixic acid	0	0	0	1	0	0	0	0	0	0	2	1	0	0	1	1	0	0	1	1	0	0	0	0	4	1	0	3	3	0	2	0	1	0	0	0	0
553	LY097964	0	0	1	1	1	1	0	0	0	1	0	0	0	0	1	0	1	0	1	3	0	0	1	3	6	2	0	0	0	0	3	1	1	0	2	1	0
554	BL-S217	0	0	1	3	1	1	0	0	0	1	2	0	1	2	0	0	0	0	0	4	0	0	0	0	12	1	2	3	0	0	4	1	1	0	2	0	0
555	Piperacillin	0	0	0	3	3	1	1	0	0	0	5	1	0	0	0	0	0	0	0	5	1	0	0	0	14	1	0	0	9	0	6	0	1	0	5	0	0
556	Cephalosporin C	3	0	0	2	2	1	0	0	0	1	0	0	0	0	0	0	0	0	0	5	0	0	0	2	6	1	1	2	2	0	5	1	2	0	2	0	1
557	Cefoxitin	1	0	1	2	0	1	0	1	0	1	2	0	0	0	0	0	1	1	0	3	1	0	0	0	9	2	0	2	0	0	4	1	1	0	3	0	0
558	BL-S217	0	0	1	3	1	1	0	0	0	1	2	0	1	2	0	0	0	0	0	4	0	0	0	0	12	1	2	3	0	0	4	1	1	0	2	0	0
559	BL-S217	0	0	1	3	1	1	0	0	0	1	2	0	1	2	0	0	0	0	0	4	0	0	0	0	12	1	2	3	0	0	4	1	1	0	2	0	0
560	Nocardicin B	1	0	0	2	3	0	0	0	0	0	8	2	2	0	0	0	0	0	1	4	0	0	0	0	15	0	0	0	0	2	4	2	2	0	2	1	1
561	Cephaloglycin	0	0	0	2	2	1	0	0	0	1	5	1	0	0	0	0	0	0	0	4	0	0	0	0	11	1	0	3	0	0	4	1	1	0	2	0	0
562	Cephaloglycin	0	0	0	2	2	1	0	0	0	1	5	1	0	0	0	0	0	0	0	4	0	0	0	0	11	1	0	3	0	0	4	1	1	0	2	0	0
563	Cephalothin	1	0	0	2	1	1	0	0	0	1	2	0	0	0	0	0	1	1	0	4	0	0	0	0	7	2	0	5	0	0	4	1	1	0	2	0	0
564	BL-S217	0	0	1	3	1	1	0	0	0	1	2	0	1	2	0	0	0	0	0	4	0	0	0	0	12	1	2	3	0	0	4	1	1	0	2	0	0
565	Cefotaxime	0	0	1	2	1	1	0	0	0	1	0	0	0	0	1	0	1	0	1	4	0	0	1	0	8	2	0	3	0	0	4	2	1	0	2	1	0
566	Ceftriaxone	0	0	2	2	1	1	0	0	0	1	0	0	0	0	1	0	1	0	1	5	1	0	1	0	11	2	0	0	0	0	5	1	1	1	2	2	0
567	Cephalothin	1	0	0	2	1	1	0	0	0	1	2	0	0	0	0	0	1	1	0	4	0	0	0	0	7	2	0	5	0	0	4	1	1	0	2	0	0
568	Cefotaxime	0	0	1	2	1	1	0	0	0	1	0	0	0	0	1	0	1	0	1	4	0	0	1	0	8	2	0	3	0	0	4	2	1	0	2	1	0
569	Cephalothin	1	0	0	2	1	1	0	0	0	1	2	0	0	0	0	0	1	1	0	4	0	0	0	0	7	2	0	5	0	0	4	1	1	0	2	0	0
570	Cephalothin	1	0	0	2	1	1	0	0	0	1	2	0	0	0	0	0	1	1	0	4	0	0	0	0	7	2	0	5	0	0	4	1	1	0	2	0	0
