No.	NAME	G(N..N)	G(N..S)
1	Ceftriaxone	240.268844604492	173.075073242188
2	Nocardicin B	37.7073020935059	0
3	BL-S217	16.6669692993164	28.6945037841797
4	Nocardicin B	37.6805992126465	0
5	Ceftazidime	91.9350662231445	57.2442855834961
6	Cefoperazone	257.264556884766	111.909072875977
7	SCE-796	38.8617248535156	18.5663795471191
8	Imipenem	15.750524520874	12.9048910140991
9	Ceftazidime	81.5919952392578	56.0017623901367
10	Ceftazidime	77.7014617919922	54.8590316772461
11	Cefoperazone	289.896148681641	117.662864685059
12	Cefsulodin	38.9822654724121	55.4520645141602
13	SCE-796	39.514476776123	18.6896667480469
14	Cefsulodin	39.9369354248047	56.5543594360352
15	Cefsulodin	40.3283843994141	56.8566589355469
16	Imipenem	16.0087127685547	14.024510383606
17	Ceftazidime	83.7618637084961	56.4692916870117
18	Cefsulodin	39.3981246948242	55.7703895568848
19	Cefsulodin	39.7053375244141	56.0809631347656
20	Nocardicin B	44.7758827209473	0
21	Imipenem	18.3730564117432	13.1407699584961
22	Imipenem	15.6040983200073	13.7159309387207
23	Imipenem	12.5339097976685	11.5991163253784
24	Imipenem	16.939416885376	14.4676895141602
25	Imipenem	15.5348720550537	11.7309770584106
26	Cyclacillin	11.696702003479	12.645525932312
27	Imipenem	17.4348945617676	14.2797336578369
28	Ceftazidime	91.9951553344727	57.823299407959
29	Ceftazidime	83.6068954467773	57.6557312011719
30	Cefoperazone	264.674011230469	111.79264831543
31	Ceftazidime	87.3189315795898	56.1192932128906
32	Cefoperazone	282.678619384766	120.522964477539
33	Ceftazidime	91.4009170532227	57.402946472168
34	Imipenem	13.9131813049316	12.5466461181641
35	Cefoperazone	310.000213623047	130.958343505859
36	Ceftazidime	81.389892578125	56.3643035888672
37	Ceftriaxone	164.832061767578	140.02555847168
38	Ceftazidime	86.0483932495117	56.0078506469727
39	Cefsulodin	40.5814056396484	54.8427505493164
40	Ceftazidime	87.3403244018555	57.2438697814941
41	Nocardicin B	45.2824363708496	0
42	Cyclacillin	12.5000600814819	13.7035675048828
43	Cefuroxime	37.7124938964844	20.4744415283203
44	Cefuroxime	37.9051628112793	20.9703311920166
45	Cefuroxime	37.9307403564453	20.9802951812744
46	Imipenem	13.3175296783447	12.0225296020508
47	Cefmetazole	159.419418334961	150.634948730469
48	Ceftazidime	81.8928680419922	56.1772537231445
49	Cefoperazone	274.479248046875	117.578308105469
50	Imipenem	17.8199062347412	11.8057250976563
51	Ofloxacin	15.2795162200928	0
52	Nocardicin B	44.4523010253906	0
53	SCE-796	38.5671081542969	18.4761581420898
54	Cefsulodin	39.295726776123	57.0977325439453
55	SCE-796	38.3269195556641	19.5676937103271
56	Ceftazidime	87.7987060546875	55.7638702392578
57	Cefoperazone	281.392913818359	120.421569824219
58	Aztreonam	49.6763076782227	54.1631355285645
59	Imipenem	16.9829292297363	12.0363035202026
60	Moxalactam	48.1263084411621	25.0035438537598
61	SCE-796	37.9035491943359	17.7115440368652
62	Imipenem	12.7622470855713	11.7884693145752
63	Imipenem	14.8840532302856	12.9768667221069
64	Cefoxitin	18.1456356048584	36.2656021118164
65	Nocardicin B	46.7723197937012	0
66	Cefuroxime	39.503101348877	19.3043155670166
67	Cefamandole	62.1419715881348	54.2335510253906
68	SCE-796	39.6875686645508	20.0303058624268
69	Cephalexin	12.9556827545166	13.9481754302979
70	Imipenem	18.0258178710938	12.8906126022339
71	Cefamandole	79.6704177856445	63.3967247009277
72	Moxalactam	78.7818984985352	25.4407157897949
73	Nocardicin B	37.8984489440918	0
74	Cefoperazone	271.373840332031	113.272705078125
75	SCE-796	40.9472923278809	20.3062000274658
76	BL-S217	15.9278268814087	29.7907638549805
77	Imipenem	15.7800760269165	14.4698781967163
78	Cyclacillin	11.0223712921143	12.9408845901489
79	Cefoperazone	269.772186279297	114.81046295166
80	Moxalactam	78.8738403320313	25.3045616149902
81	Imipenem	15.6855001449585	14.4787969589233
82	Cefmetazole	166.819122314453	160.969329833984
83	Cefotaxime	45.9426078796387	47.9311065673828
84	Cefsulodin	38.9744033813477	54.8973617553711
85	Ofloxacin	15.1775484085083	0
86	Cefuroxime	41.4770317077637	19.8960456848145
87	Cephaloglycin	12.54345703125	13.6469850540161
88	Cefoperazone	270.974945068359	113.072875976563
89	Cefaclor	12.3711729049683	13.8352336883545
90	Cefaclor	13.4831619262695	14.3811254501343
91	Cefuroxime	36.9068908691406	19.0601139068604
92	Cephaloridine	15.6532955169678	31.9855537414551
93	Cefsulodin	40.0860862731934	55.5148429870605
94	Cefuroxime	37.5644760131836	19.5024127960205
95	Imipenem	13.2551736831665	12.0549097061157
96	BL-S217	16.0114116668701	30.1142158508301
97	Cephalosporin C	18.2001266479492	14.0615825653076
98	Ceftazidime	83.654411315918	55.7404861450195
99	Imipenem	15.043833732605	12.8823881149292
100	Cefotaxime	46.0177536010742	47.547737121582
101	Cyclacillin	11.5592479705811	12.7626028060913
102	Cefoperazone	263.642822265625	110.06982421875
103	Cefsulodin	40.3787269592285	54.5597038269043
104	Cefmetazole	132.947723388672	135.304290771484
105	Ceftazidime	85.0094451904297	56.8142280578613
106	Imipenem	15.6997575759888	11.255410194397
107	Nocardicin B	39.9154243469238	0
108	Cephalexin	12.5280351638794	13.8548316955566
109	Moxalactam	62.7334403991699	25.4291095733643
110	SCE-796	38.1156806945801	19.2866878509521
111	Cefuroxime	37.5373191833496	19.0548915863037
112	Cyclacillin	11.9059648513794	12.7660341262817
113	Cefuroxime	41.5650062561035	19.6645793914795
114	Cefuroxime	41.2201499938965	19.9884300231934
115	Cefaclor	12.8969249725342	13.6666898727417
116	Ceftriaxone	190.952728271484	146.770751953125
117	Cefuroxime	40.9098510742188	20.0679340362549
118	BL-S217	20.9489974975586	31.0245418548584
119	Ceftizoxime	47.7675628662109	51.2247657775879
120	Cyclacillin	12.1343832015991	13.2030258178711
121	Cephalexin	12.3305597305298	12.8222751617432
122	Nocardicin B	46.6124076843262	0
123	Cefamandole	79.6496276855469	62.9415664672852
124	Cefazolin	203.609436035156	199.696228027344
125	Cephalosporin C	13.9915132522583	10.7624168395996
126	Cefoxitin	19.7256240844727	36.4778861999512
127	Ceftazidime	81.2968368530273	55.3501052856445
128	Cyclacillin	12.0322332382202	12.9292573928833
129	Ceftriaxone	163.402236938477	128.509841918945
130	Cefuroxime	41.2424011230469	20.0545692443848
131	Cefuroxime	38.3522567749023	19.0049800872803
132	Imipenem	15.6549577713013	13.0141363143921
133	Ampicillin	13.1882781982422	14.0732202529907
134	Ceftazidime	83.7932815551758	57.7671241760254
135	Cefuroxime	40.1841354370117	19.7187042236328
136	Imipenem	14.7845726013184	13.6914882659912
137	Cephalosporin C	13.9092998504639	10.9665689468384
138	Ceftizoxime	44.0195350646973	49.3924827575684
139	Ceftriaxone	145.831253051758	128.310119628906
140	Cefazolin	167.143127441406	143.840179443359
141	Cephalosporin C	16.0665473937988	12.4661989212036
142	Imipenem	15.7892904281616	12.8833456039429
143	Cefacetrile	15.2868480682373	13.4392156600952
144	Nocardicin B	42.0023765563965	0
145	Cefuroxime	40.332836151123	19.2699222564697
146	Aztreonam	46.669002532959	49.7865829467773
147	Cefaclor	13.4341592788696	14.262020111084
148	Aztreonam	48.3826332092285	52.1633148193359
149	LY097964	43.2844772338867	48.5736846923828
150	LY097964	47.7032318115234	52.216480255127
151	Ceftazidime	84.5870056152344	55.7663955688477
152	Nocardicin B	36.3778381347656	0
153	Cefacetrile	15.5332069396973	13.5075387954712
154	Aztreonam	43.8860740661621	46.0235748291016
155	BL-S217	15.9721240997314	29.6422080993652
156	Ceftazidime	97.9559783935547	63.978443145752
157	Cefuroxime	41.143669128418	19.7252635955811
158	Cephaloglycin	12.2399311065674	13.0427827835083
159	Cefaclor	13.5969820022583	14.1735963821411
160	Cephaloglycin	12.3167171478271	12.9981708526611
161	Cyclacillin	12.9873857498169	13.6975355148315
162	Cephaloridine	15.7054500579834	33.3695602416992
163	Cefacetrile	14.6367206573486	12.7387638092041
164	Cephaloridine	15.7914123535156	32.3196334838867
165	Nocardicin B	39.012149810791	0
166	SCE-796	37.2136306762695	19.0552864074707
167	Cephalosporin C	18.0394420623779	13.6725540161133
168	Cefacetrile	15.5284538269043	13.4141874313354
169	Cefuroxime	40.9526596069336	19.4765338897705
170	Cyclacillin	11.926609992981	13.3869876861572
171	Cephaloridine	15.4675416946411	34.3915939331055
172	Cefuroxime	40.2086601257324	20.8397426605225
173	Cefotaxime	49.9575653076172	56.0322151184082
174	Aztreonam	48.5122718811035	51.0343246459961
175	Ceftazidime	81.5981979370117	57.5790748596191
176	Moxalactam	50.2938575744629	24.7477569580078
177	Ceftriaxone	142.15837097168	122.589721679688
178	Cefuroxime	37.0498008728027	19.0711402893066
179	Cyclacillin	11.7345533370972	12.7237548828125
180	Ofloxacin	15.4921312332153	0
181	Ceftizoxime	43.4345321655273	49.1607284545898
182	SCE-796	39.7261047363281	19.8132381439209
183	Penicillin N	17.7558250427246	14.5136871337891
184	Ceftazidime	83.7621231079102	57.1079559326172
185	Cefazolin	152.435791015625	139.208038330078
186	Ofloxacin	15.07142162323	0
187	Cefotaxime	49.570556640625	55.9740142822266
188	Cefmetazole	102.165191650391	119.613052368164
189	Cefuroxime	40.9198608398438	19.6057014465332
190	Cefazolin	207.964050292969	198.942596435547
191	SCE-796	38.616756439209	19.3056564331055
192	Cephalosporin C	18.4385814666748	13.9181118011475
193	Ceftriaxone	199.622650146484	153.249145507813
194	Nocardicin B	45.9205513000488	0
195	Ceftriaxone	161.756164550781	137.885101318359
196	Aztreonam	47.3316078186035	48.4877319335938
197	Imipenem	17.1077785491943	12.9318361282349
198	Penicillin N	18.5360107421875	14.6278114318848
199	Ceftriaxone	181.148651123047	144.477508544922
200	Cephaloglycin	12.8887224197388	13.9251346588135
201	LY097964	51.0811195373535	56.3359222412109
202	Cefacetrile	14.6394014358521	12.251654624939
203	Ampicillin	11.7892112731934	13.2340822219849
204	Ceftriaxone	145.575836181641	127.158889770508
205	Cyclacillin	11.5462379455566	12.8664894104004
206	Cefoperazone	271.464691162109	115.61116027832
207	Cefazolin	210.381042480469	200.889617919922
208	Cefacetrile	15.4629936218262	13.3732242584229
209	Cephalosporin C	11.5020780563354	9.29104328155518
210	SCE-796	40.2322158813477	20.0672264099121
211	Ceftizoxime	43.5147666931152	48.1542358398438
212	Cefotaxime	46.5111427307129	50.9242935180664
213	Ofloxacin	15.1629362106323	0
214	Cefamandole	81.580322265625	60.9454956054688
215	Cefazolin	189.485290527344	192.5576171875
216	Imipenem	15.1993837356567	12.9113206863403
217	LY097964	48.5090560913086	51.4574966430664
218	Aztreonam	50.934440612793	55.4814758300781
219	Cephalothin	3.30713653564453	16.9006538391113
220	Cefazolin	213.685592651367	197.219085693359
221	Aztreonam	46.7947463989258	50.1458129882813
222	Cefacetrile	15.4377269744873	13.534873008728
223	Ofloxacin	15.0575561523438	0
224	Cyclacillin	11.6503086090088	12.500020980835
225	Cefamandole	81.1964263916016	61.0030746459961
226	LY097964	48.5314178466797	51.4217720031738
227	Sulbenicillin	3.11717891693115	16.0629081726074
228	Ceftizoxime	47.5161323547363	51.3214378356934
229	Cefoperazone	285.94873046875	124.709945678711
230	Ceftizoxime	43.4540252685547	47.8582153320313
231	Ceftazidime	81.0695724487305	56.6906890869141
232	Aztreonam	45.3739395141602	49.7862358093262
233	Cephalexin	12.3093357086182	13.0106134414673
234	Aztreonam	45.6925621032715	49.5277557373047
235	Cephaloridine	15.2182235717773	35.0667266845703
236	Cyclacillin	13.0290298461914	13.6977376937866
237	Ceftriaxone	177.090194702148	140.623001098633
238	Imipenem	16.4484786987305	13.6371803283691
239	Cephalosporin C	16.6729564666748	13.6420850753784
240	Ceftriaxone	178.6416015625	131.489776611328
241	Cephaloridine	15.2150058746338	32.7459716796875
242	Imipenem	16.4046459197998	10.3753719329834
243	LY097964	44.520866394043	48.5120697021484
244	Cefmetazole	138.98567199707	140.366012573242
245	Aztreonam	44.8109970092773	46.1931533813477
246	Ceftriaxone	167.893966674805	134.15119934082
247	Cephaloglycin	13.5317220687866	14.130482673645
248	Ofloxacin	15.3825674057007	0
249	SCE-796	38.7997970581055	19.5758800506592
250	Cefamandole	60.3946533203125	53.1739273071289
251	Imipenem	14.5874061584473	12.6147775650024
252	Ceftizoxime	50.3124351501465	51.937572479248
253	Cefazolin	158.278915405273	134.277084350586
254	Aztreonam	48.3407821655273	50.4961395263672
255	Ceftriaxone	190.734512329102	139.309341430664
256	Ofloxacin	15.3660459518433	0
257	BL-S217	20.91965675354	32.5024185180664
258	LY097964	43.2920379638672	47.352897644043
259	Cefacetrile	14.6546783447266	11.987585067749
260	Ceftriaxone	144.857513427734	127.215614318848
261	LY097964	46.9124221801758	49.6333541870117
262	Nocardicin B	49.9416770935059	0
263	Cefacetrile	15.4779167175293	13.3403692245483
264	Cefuroxime	39.9872283935547	20.1067085266113
265	Penicillin N	18.9373664855957	15.0007238388062
266	Penicillin N	16.5007305145264	13.3639421463013
267	Cefuroxime	42.014820098877	20.2227268218994
268	Cephaloridine	15.6604862213135	32.5505447387695
269	Cefoxitin	18.0897884368896	35.6313819885254
270	Cefoxitin	18.364709854126	34.9950981140137
271	LY097964	44.5165672302246	48.6127319335938
272	Nocardicin B	48.1505851745605	0
273	Ceftizoxime	44.0078582763672	47.2786636352539
274	Piperacillin	55.1825752258301	27.9600296020508
275	Aztreonam	48.8073272705078	52.8225402832031
276	Cefoxitin	18.2640724182129	35.0368919372559
277	Ceftriaxone	169.068923950195	135.333435058594
278	Cefacetrile	15.1996841430664	13.5720014572144
279	Cephalosporin C	13.8474264144897	9.72821426391602
280	Cyclacillin	11.7802000045776	12.6193208694458
281	Cefazolin	216.408981323242	196.701904296875
282	Cephalosporin C	18.5446491241455	14.4477767944336
283	Ceftazidime	93.2090377807617	62.6634063720703
284	LY097964	45.3643455505371	48.1090469360352
285	LY097964	43.609302520752	47.9902648925781
286	Aztreonam	46.0168991088867	49.1515884399414
287	Ofloxacin	15.1736612319946	0
288	Cefacetrile	14.6171770095825	13.1377429962158
289	Cephaloridine	15.5769367218018	32.5672836303711
290	LY097964	44.2468643188477	48.2963523864746
291	Ceftizoxime	48.4366416931152	49.6536865234375
292	Aztreonam	44.5835990905762	47.5809288024902
293	Ceftizoxime	46.5399284362793	50.9538269042969
294	Ceftriaxone	171.897384643555	134.11735534668
295	Nocardicin B	42.4771728515625	0
296	Cefotaxime	43.8520584106445	47.3430480957031
297	Cefuroxime	41.0651779174805	19.6847534179688
298	Cefmetazole	163.844360351563	158.530990600586
299	Cefacetrile	14.4566516876221	11.5893449783325
300	Aztreonam	45.178108215332	48.4592971801758
301	Ceftriaxone	176.682571411133	144.359451293945
302	Cephalexin	12.1956253051758	13.0912857055664
303	Carbenicillin	3.18962836265564	6.64293479919434
304	Ceftizoxime	43.3158988952637	47.0344390869141
305	Ceftriaxone	191.510696411133	148.274993896484
306	Moxalactam	79.1995697021484	25.0281257629395
307	Cephaloridine	15.4119701385498	31.567403793335
308	Ceftizoxime	48.5843086242676	52.4999237060547
309	Ceftizoxime	45.1826362609863	47.6337432861328
310	Cephalexin	13.0995025634766	13.5875263214111
311	Cephalosporin C	15.6031494140625	12.1988906860352
312	Ampicillin	12.7495489120483	13.9207620620728
313	Sulbenicillin	3.16244053840637	16.6629009246826
314	Cefotaxime	47.2912139892578	49.2085571289063
315	Cephalosporin C	15.0519208908081	11.2599353790283
316	Ceftriaxone	169.79670715332	152.683776855469
317	LY097964	48.2544441223145	51.9334487915039
318	Carbenicillin	3.20926904678345	6.67189836502075
319	Cefazolin	206.730560302734	192.203094482422
320	Aztreonam	44.6382522583008	47.2065467834473
321	LY097964	45.2638893127441	46.2433853149414
322	Aztreonam	48.4254570007324	51.5989608764648
323	Nocardicin B	42.870964050293	0
324	Cephaloglycin	12.609317779541	13.6691761016846
325	Cephalexin	12.9287805557251	13.8016290664673
326	LY097964	44.5362014770508	46.0265502929688
327	Cephalexin	11.878719329834	12.8212633132935
328	Moxalactam	52.3130264282227	24.8214244842529
329	LY097964	48.4917793273926	49.4123229980469
330	Cephaloglycin	12.1260890960693	13.2206468582153
331	BL-S217	15.3768548965454	29.7232093811035
332	Ceftizoxime	44.2331314086914	48.4767265319824
333	Moxalactam	62.7575187683105	25.617769241333
334	Aztreonam	47.7433624267578	50.6278495788574
335	LY097964	48.5408363342285	49.4287261962891
336	Cephalothin	3.32178807258606	17.1438827514648
337	Cefoxitin	17.5566654205322	34.9778480529785
338	Cefacetrile	12.8985710144043	10.8167381286621
339	Moxalactam	51.9991035461426	24.5340404510498
340	Cefazolin	195.783325195313	193.676116943359
341	Ampicillin	11.8621311187744	13.3134851455688
342	Cefaclor	12.9695568084717	13.8764133453369
343	Aztreonam	44.8755226135254	49.5626220703125
344	Carbenicillin	3.16231203079224	6.64586067199707
345	Cephalosporin C	15.3003597259521	11.0888023376465
346	Ceftazidime	81.1717681884766	55.7250213623047
347	Cefamandole	60.8478050231934	57.2593727111816
348	Aztreonam	50.0997161865234	54.6925659179688
349	Ofloxacin	14.9354648590088	0
350	Cefmetazole	129.349243164063	134.569473266602
351	Penicillin N	18.5288238525391	14.5840215682983
352	Carbenicillin	3.178227186203	6.68714094161987
353	Ceftizoxime	44.3813667297363	48.4033088684082
354	Cefazolin	194.962127685547	174.258087158203
355	Moxalactam	52.5855598449707	24.6726684570313
356	Moxalactam	80.4018402099609	25.44553565979
357	Carbenicillin	3.24999094009399	6.61343097686768
358	Cephaloridine	15.5633754730225	33.4951057434082
359	Aztreonam	47.2095184326172	50.4921646118164
360	Ampicillin	12.9091110229492	13.8528699874878
361	Sulbenicillin	3.12068438529968	16.1566886901855
362	LY097964	49.8677978515625	53.8237228393555
363	Cefotaxime	47.6369209289551	50.0996704101563
364	Carbenicillin	3.18149495124817	6.61869764328003
365	Penicillin N	19.0058879852295	15.1208534240723
366	LY097964	47.8717155456543	50.2905807495117
367	Nocardicin B	47.0106582641602	0
368	Cephalosporin C	15.1919822692871	11.0417776107788
369	Nocardicin B	40.482105255127	0
370	Nocardicin B	43.8229789733887	0
371	LY097964	44.6375694274902	49.4477996826172
372	Cefamandole	81.9159774780273	62.4895095825195
373	Sulbenicillin	3.12698554992676	16.502046585083
374	Sulbenicillin	3.09808206558228	15.5841913223267
375	LY097964	46.2058448791504	48.9186782836914
376	Carbenicillin	3.23069882392883	6.61775398254395
377	Ceftazidime	82.9858016967773	53.942310333252
378	Moxalactam	53.5572853088379	25.116117477417
379	Cephaloglycin	12.9128189086914	13.6910696029663
380	Cefazolin	161.859344482422	169.175689697266
381	Penicillin N	20.2396926879883	14.3364086151123
382	Aztreonam	45.8062705993652	49.7570953369141
383	Nocardicin B	38.0174407958984	0
384	Ceftriaxone	183.897933959961	139.142822265625
385	Cephaloridine	15.5650672912598	30.2072448730469
386	Cefotaxime	46.4962196350098	49.8688850402832
387	Cefmetazole	94.4622497558594	115.93327331543
388	Aztreonam	47.2855911254883	51.1072082519531
389	Piperacillin	56.2420043945313	25.526725769043
390	Aztreonam	47.5165557861328	51.3440704345703
391	Cefotaxime	48.231330871582	49.6385955810547
392	Moxalactam	78.2118759155273	25.134204864502
393	Sulbenicillin	3.08411240577698	15.9031715393066
394	Ampicillin	11.9140510559082	13.2970142364502
395	Ceftazidime	81.9250640869141	54.7446594238281
396	Cefazolin	196.959777832031	197.248107910156
397	LY097964	47.8672828674316	51.0761337280273
398	Aztreonam	44.4590454101563	48.4922142028809
399	Nocardicin B	41.7113990783691	0
400	Cefacetrile	14.6143503189087	11.9500904083252
401	Ceftizoxime	45.0751609802246	49.3934211730957
402	Cefotaxime	47.0040245056152	50.4687957763672
403	Cefmetazole	168.308059692383	159.168426513672
404	BL-S217	16.3821334838867	30.7118034362793
405	Ceftriaxone	195.583480834961	163.971710205078
406	Ceftriaxone	201.162322998047	163.477340698242
407	Cefaclor	12.919059753418	14.00119972229
408	Cefotaxime	47.9725341796875	50.754020690918
409	Piperacillin	47.0919914245605	21.7596740722656
410	Carbenicillin	3.17301988601685	6.63148164749146
411	Penicillin N	18.9530086517334	14.5598983764648
412	Moxalactam	50.693286895752	24.5618286132813
413	Ceftizoxime	48.3047676086426	53.1559219360352
414	Penicillin N	19.2932758331299	13.1559762954712
415	Carbenicillin	3.14944553375244	6.64563512802124
416	Cefoxitin	17.5668754577637	33.1563873291016
417	Cefazolin	171.740478515625	168.764343261719
418	Cephalothin	3.28101062774658	19.449577331543
419	Penicillin N	16.0611782073975	12.5538110733032
420	Cefoxitin	17.2882175445557	35.5370864868164
421	Ceftizoxime	49.8782005310059	54.5222473144531
422	LY097964	43.6180076599121	49.3610153198242
423	Cefamandole	47.6428108215332	46.0127410888672
424	Cefaclor	11.914532661438	12.7504901885986
425	Cefamandole	56.8988952636719	51.4698944091797
426	Penicillin N	18.2269458770752	12.4346294403076
427	Cefotaxime	42.8360633850098	47.5759429931641
428	Cefoxitin	19.427791595459	36.1158180236816
429	Cephalothin	3.24303936958313	15.1620759963989
430	Cefuroxime	41.4281845092773	20.1350917816162
431	Nocardicin B	38.561092376709	0
432	Cephaloglycin	12.9291076660156	13.6326923370361
433	Ofloxacin	15.0347757339478	0
434	Ceftizoxime	43.6677894592285	48.3686828613281
435	Ceftizoxime	48.8156127929688	49.5339965820313
436	Cephalexin	11.8813133239746	12.7000799179077
437	Cephalexin	12.0357761383057	13.2699060440063
438	Sulbenicillin	3.0898232460022	15.3169765472412
439	Piperacillin	48.0754127502441	26.0079364776611
440	Cephaloglycin	11.993480682373	13.4254503250122
441	Cephalexin	12.8510656356812	13.2450571060181
442	Cephaloridine	15.8951749801636	34.7264366149902
443	Ampicillin	13.6749076843262	14.3186283111572
444	Cefotaxime	49.5867385864258	55.9072341918945
445	Cefoxitin	17.4930820465088	36.9378890991211
446	Cefotaxime	46.171630859375	48.4711647033691
447	Cefotaxime	47.4343719482422	50.2136421203613
448	Cefmetazole	136.277801513672	141.972808837891
449	Carbenicillin	3.15467071533203	6.61057758331299
450	Piperacillin	57.5209503173828	32.5236167907715
451	Cefotaxime	46.1387901306152	48.1865692138672
452	Sulbenicillin	3.08187985420227	16.1100921630859
453	Nalidixic acid	2.38972163200378	0
454	Ampicillin	12.0894823074341	13.568133354187
455	Nalidixic acid	2.38834977149963	0
456	Penicillin N	17.9725875854492	14.4030361175537
457	Cephaloglycin	13.0835180282593	14.1657667160034
458	Cefotaxime	49.8097724914551	52.1358642578125
459	Ceftriaxone	193.265823364258	148.669677734375
460	Nalidixic acid	2.3853452205658	0
461	Carbenicillin	3.21593070030212	6.56490755081177
462	Cephalothin	3.29583120346069	19.4372291564941
463	Piperacillin	47.8388214111328	24.9254245758057
464	Penicillin N	17.2734909057617	13.2048759460449
465	Cefoxitin	15.9020500183105	31.7149448394775
466	Cefamandole	80.9570770263672	61.2351989746094
467	Carbenicillin	3.19652462005615	6.60595369338989
468	Sulbenicillin	3.06310677528381	15.202543258667
469	Ceftriaxone	187.687835693359	146.171325683594
470	Cefotaxime	48.9901313781738	55.8603401184082
471	Penicillin N	16.387975692749	12.7037439346313
472	Nocardicin B	44.9721450805664	0
473	Cefotaxime	48.2091979980469	52.5228805541992
474	Ampicillin	12.1270160675049	12.8604898452759
475	Cefotaxime	44.1567344665527	48.3025703430176
476	Cephalothin	3.25756907463074	16.1556510925293
477	LY097964	49.430606842041	50.3347587585449
478	Cephalexin	13.0512418746948	13.6578798294067
479	Ceftriaxone	171.373901367188	139.038391113281
480	Sulbenicillin	3.13736391067505	16.1732959747314
481	Moxalactam	53.5502014160156	25.0185375213623
482	Nalidixic acid	2.39021158218384	0
483	Cephalothin	3.23087787628174	18.9379367828369
484	Cephalothin	3.29827952384949	18.7122535705566
485	Cefamandole	61.9345436096191	53.5224304199219
486	Cefotaxime	49.2991371154785	55.9922904968262
487	Cefmetazole	90.8537521362305	114.457626342773
488	Cefmetazole	140.741165161133	143.269073486328
489	Ampicillin	11.9458723068237	13.4431095123291
490	Nalidixic acid	2.3862636089325	0
491	Cefotaxime	44.3690071105957	49.1149711608887
492	Ceftizoxime	48.9526977539063	49.4115295410156
493	Nalidixic acid	2.39074730873108	0
494	Cefmetazole	131.557556152344	143.365631103516
495	Cefaclor	13.5269002914429	14.2447080612183
496	Ampicillin	12.7709112167358	13.5702505111694
497	Piperacillin	47.9098854064941	25.8934955596924
498	Nocardicin B	43.289249420166	0
499	Nalidixic acid	2.38684773445129	0
500	Nocardicin B	39.9805297851563	0
501	Nalidixic acid	2.38652634620667	0
502	Piperacillin	57.5795936584473	32.7305374145508
503	LY097964	45.0479774475098	46.5665054321289
504	LY097964	45.6920585632324	46.6790542602539
505	Cefotaxime	51.3948822021484	57.9999923706055
506	Cefuroxime	39.9919548034668	20.2959327697754
507	Nalidixic acid	2.38643074035645	0
508	Cephalothin	3.14203929901123	16.7410068511963
509	Ceftazidime	90.0701522827148	55.7503547668457
510	Cefaclor	13.3032636642456	13.7478294372559
511	Piperacillin	46.310131072998	18.5935478210449
512	Cefotaxime	49.3988838195801	52.6772956848145
513	Cephalothin	3.15417885780334	15.8099088668823
514	Cefoxitin	19.3979797363281	37.9499435424805
515	Ceftazidime	83.8007049560547	56.772346496582
516	Piperacillin	50.7937850952148	28.0222206115723
517	Cefmetazole	134.289016723633	145.431610107422
518	Aztreonam	45.7493095397949	48.7801399230957
519	Cefamandole	58.0786323547363	53.7686958312988
520	Nalidixic acid	2.38562917709351	0
521	Cefoxitin	19.2568778991699	37.089656829834
522	Ceftriaxone	210.117462158203	160.967407226563
523	Nalidixic acid	2.3872537612915	0
524	Nalidixic acid	2.38753843307495	0
525	Cefamandole	78.5115661621094	61.9948768615723
526	Sulbenicillin	3.2058436870575	16.3978996276855
527	BL-S217	19.2315101623535	31.1848220825195
528	Cefotaxime	42.75537109375	48.2184753417969
529	Cefaclor	13.1390714645386	14.1520967483521
530	Cefotaxime	49.9541625976563	55.1158294677734
531	Nocardicin B	40.2327461242676	0
532	Piperacillin	49.4450950622559	27.4886112213135
533	Cefmetazole	157.219039916992	151.998809814453
534	Ceftriaxone	171.169708251953	135.414993286133
535	Sulbenicillin	3.14107728004456	16.4818515777588
536	Cefuroxime	40.9819526672363	20.0461692810059
537	Ceftizoxime	48.0021667480469	52.0218658447266
538	Ceftizoxime	45.6132736206055	49.7839584350586
539	LY097964	44.7589302062988	47.7848014831543
540	Piperacillin	55.3353462219238	31.3125133514404
541	BL-S217	16.4130001068115	28.6378879547119
542	Cephalothin	3.29862976074219	18.2665977478027
543	Piperacillin	53.8026885986328	30.497917175293
544	Cefaclor	13.2660799026489	13.8538656234741
545	Nalidixic acid	2.39031028747559	0
546	BL-S217	16.2079181671143	28.0171813964844
547	Cefuroxime	41.5748519897461	20.1591129302979
548	Nalidixic acid	2.38137698173523	0
549	Piperacillin	47.6159172058105	21.1252021789551
550	Cephaloglycin	12.5616769790649	13.6511497497559
551	Nocardicin B	40.3080406188965	0
552	Nalidixic acid	2.38789176940918	0
553	LY097964	45.3848915100098	46.215705871582
554	BL-S217	14.8023948669434	27.8098678588867
555	Piperacillin	57.3594779968262	31.8401546478271
556	Cephalosporin C	18.131275177002	13.4791526794434
557	Cefoxitin	19.1665706634521	36.3958740234375
558	BL-S217	14.6985082626343	27.0626087188721
559	BL-S217	16.111780166626	28.249870300293
560	Nocardicin B	41.9135589599609	0
561	Cephaloglycin	12.1257076263428	13.2738876342773
562	Cephaloglycin	12.2029342651367	13.0017061233521
563	Cephalothin	3.31474828720093	18.9624328613281
564	BL-S217	13.8492050170898	25.9640960693359
565	Cefotaxime	47.5678253173828	50.4922370910645
566	Ceftriaxone	170.068954467773	129.441543579102
567	Cephalothin	3.18598103523254	18.8318653106689
568	Cefotaxime	46.1034851074219	47.216682434082
569	Cephalothin	3.27263903617859	18.8679866790771
570	Cephalothin	3.30513191223145	16.7714595794678
